-0.798969	2.77105	-1.002	-0.816138	0.639075	-0.515028	0.0736727	0.39864	-0.465433	-0.0710675
-3.19753	4.53362	-1.16389	-0.320881	0.0960824	-0.334937	-0.321728	0.171588	-0.288436	-0.0987692
-2.36587	3.85741	-0.530488	-0.522953	0.0894529	0.0240563	0.2054	0.212361	-0.219763	-0.00866838
-4.1619	5.45436	-1.08958	0.10339	-0.48376	0.102807	-0.254909	-0.0453833	-0.00735601	0.0025819
0.143233	1.96208	-0.345443	-0.375131	0.324268	0.194232	0.806008	0.278095	-0.189149	0.109854
-4.15259	5.50253	-1.1746	0.165414	-0.476996	0.0257018	-0.290792	-0.0361385	-0.0311829	0.00119789
-3.71248	4.96912	-1.15406	-0.259308	-0.0893605	-0.22909	-0.434394	0.111254	-0.246462	-0.114916
-4.11152	5.16013	-1.10161	0.406061	-0.515044	0.0883742	-0.0667519	-0.105069	0.116867	0.0986032
-4.07919	5.31845	-1.14731	0.285975	-0.52986	0.00516046	-0.276396	-0.0292962	-0.0488879	0.00427041
-4.27821	5.3676	-1.25856	0.418938	-0.610075	0.0258678	-0.219112	-0.0907735	0.0521484	0.0664858
-4.34718	5.22834	-1.24497	0.556764	-0.645788	0.0560047	-0.137743	-0.141576	0.141412	0.111075
-3.86729	4.97811	-0.89598	-0.433966	-0.20599	0.0300373	-0.444651	0.077347	-0.20886	-0.134671
-3.90365	4.71937	-1.10807	0.624712	-0.495809	0.0603124	0.120081	-0.126452	0.188439	0.16364
-3.84753	4.29665	-0.99604	0.604358	-0.564267	-0.0472956	-0.104853	-0.0461008	0.00279161	0.0328098
-3.52239	4.34399	-0.830184	0.0123234	-0.280913	-0.0953151	-0.344405	0.0964459	-0.237638	-0.12493
-4.39218	4.88297	-1.23657	0.768716	-0.704382	0.062684	-0.00826902	-0.199755	0.251049	0.164708
-4.43222	5.21914	-1.35335	0.69859	-0.743834	0.0251031	-0.115511	-0.165149	0.174682	0.151613
-1.67997	2.17404	0.0633164	0.583346	-0.293462	-0.0971013	-0.0499991	0.165958	-0.304167	-0.0605939
-4.43318	4.79473	-1.29133	0.806269	-0.712061	0.0386818	0.0230578	-0.213731	0.281946	0.178768
-1.77377	2.12124	-0.476365	0.644308	-0.104717	0.0585066	0.584383	0.0465477	0.0440907	0.118159
-4.05265	4.73927	-0.868925	-0.573608	-0.216585	0.156819	-0.505278	0.0584812	-0.198678	-0.147074
-4.29753	4.59219	-1.19156	0.835236	-0.657598	0.0616314	0.112315	-0.213957	0.304284	0.190811
-4.39321	4.86767	-1.24637	0.8035	-0.732497	0.0543444	-0.0161427	-0.197949	0.243321	0.163196
-1.62436	2.44248	0.14713	0.487218	-0.335739	-0.0353161	-0.177683	0.177897	-0.358991	-0.0775189
-4.42828	4.55824	-1.24744	0.862951	-0.723291	0.0541124	0.0737057	-0.23036	0.315752	0.183388
-4.29379	4.33366	-1.12594	0.879092	-0.66605	0.0456745	0.0846329	-0.212807	0.290214	0.153128
-3.723	4.09808	-0.976696	0.91349	-0.609739	-0.0284921	0.0907191	-0.0984367	0.118737	0.111542
1.60881	0.676738	1.00539	0.942452	-0.86267	-0.011534	-0.170299	0.179492	-0.42198	-0.0486731
-4.08614	5.11328	-1.08542	-0.0399962	-0.392528	0.012828	-0.418876	0.00702893	-0.123239	-0.0653295
-1.44899	2.08826	0.073816	0.967606	-0.502962	-0.0496256	0.14845	0.088733	-0.164342	0.0779983
-3.41016	2.62836	-0.751042	0.831856	-0.316343	-0.0350018	0.366196	-0.104927	0.213499	0.0924556
-4.02694	3.8151	-1.05346	0.988843	-0.59792	-0.000861444	0.233083	-0.191863	0.297148	0.153841
-1.77912	2.51908	0.130403	0.656179	-0.417106	0.00835024	-0.196422	0.144208	-0.331134	-0.0423876
-3.91514	5.01642	-0.83707	-0.0502272	-0.421718	0.106703	-0.405844	0.0273239	-0.160662	-0.0898129
-3.87038	3.82988	-0.922658	0.992703	-0.550345	-0.0168643	0.192814	-0.156875	0.232899	0.119807
-4.27937	4.7576	-1.28331	-0.069056	-0.348528	-0.0724292	-0.461716	-0.0170997	-0.0898929	-0.0490922
-3.96194	3.59785	-0.915963	0.9977	-0.52885	-0.0158103	0.221297	-0.185369	0.284125	0.115952
-3.80343	3.59293	-1.13526	0.935901	-0.564316	-0.00187483	0.307386	-0.158452	0.270872	0.146374
-3.84046	4.15236	-1.02742	0.900522	-0.602741	-0.0423431	0.118748	-0.107365	0.142808	0.0991612
-2.38868	3.05995	-0.314323	0.987695	-0.600693	-0.0067809	0.0423567	0.0157009	-0.0834529	0.0841545
-0.832414	1.08851	-0.85488	0.536845	-0.118962	0.0770838	0.612239	0.0753691	0.0129642	0.0142369
-4.19481	4.62532	-1.38529	0.132606	-0.355468	-0.165299	-0.331444	-0.0334019	-0.032096	0.0223389
-3.91853	4.04018	-1.0039	0.956891	-0.588803	-0.0259394	0.158828	-0.145052	0.20815	0.114963
-2.08594	2.90137	-0.14415	0.838058	-0.669643	0.028578	-0.208074	0.0450536	-0.201188	0.037382
-4.25861	5.27831	-1.044	-0.0246816	-0.431244	0.125655	-0.349855	-0.0516826	-0.019842	-0.032651
-4.06443	3.37574	-0.999768	1.01605	-0.560159	-0.0522386	0.251761	-0.197805	0.313858	0.10656
-4.04012	3.50487	-0.949915	0.987605	-0.536429	-0.0330782	0.217842	-0.194639	0.299306	0.0989816
2.38847	1.03035	-1.56355	0.352183	0.122762	0.530453	1.06925	0.246908	-0.14695	-0.00174469
-4.10649	5.00951	-1.04752	0.318166	-0.588985	0.0588243	-0.303828	-0.0427719	-0.0474431	0.00372703
-3.71738	3.57026	-1.09075	0.938583	-0.528901	0.000412081	0.334379	-0.155023	0.27314	0.14949
-3.96115	3.73735	-0.911128	0.976943	-0.535319	-0.0103998	0.187686	-0.178597	0.264908	0.110961
-3.92179	4.26939	-0.972111	0.942077	-0.611561	0.00846065	0.0949129	-0.145063	0.187345	0.127777
-4.09209	5.28714	-0.894203	-0.227146	-0.389781	0.152311	-0.417612	0.00733137	-0.120175	-0.0886793
-4.38957	4.88827	-1.26768	0.627144	-0.72159	0.0448641	-0.147464	-0.14705	0.138173	0.135004
0.896318	1.81984	-1.33786	0.397858	0.0438346	0.382862	0.984803	0.199578	-0.0878233	0.0947513
-4.12912	3.61153	-1.05438	0.95386	-0.578101	-0.00292215	0.236154	-0.213296	0.333391	0.140943
-3.9986	3.38452	-0.863141	0.985077	-0.495506	-0.00534724	0.221446	-0.203314	0.310702	0.109579
-4.45957	5.10044	-1.28617	0.515132	-0.704867	0.0618979	-0.213493	-0.139522	0.115124	0.1055
-3.35771	3.94771	-0.62366	0.0252466	0.0955693	-0.0647422	-0.00951187	-0.00731667	0.0205856	0.0685061
-4.19344	4.06848	-1.03066	0.910994	-0.620202	0.0346351	0.107568	-0.206042	0.2845	0.137074
-3.5849	4.42198	-0.370787	-0.331342	-0.0472188	0.2109	-0.143179	-0.00185728	-0.0239656	-0.0157551
-4.40765	4.79896	-1.2127	0.722603	-0.708252	0.0674278	-0.0713816	-0.188336	0.216251	0.143972
-1.9613	3.08753	-0.885397	0.496411	-0.201565	0.147978	0.608582	0.0189794	0.0975479	0.186317
-4.34254	5.38028	-1.10469	0.166322	-0.563534	0.132678	-0.327528	-0.0816076	0.0156968	0.00270353
-3.81937	5.01503	-0.575316	-0.571237	-0.199411	0.213111	-0.361364	0.0510338	-0.148287	-0.122146
-4.42639	4.14808	-1.18271	0.858742	-0.685087	0.0501836	0.097502	-0.241441	0.338392	0.165283
-4.49311	4.58891	-1.21905	0.743645	-0.705494	0.0781398	-0.0260778	-0.221383	0.278107	0.152185
-4.44432	4.94312	-1.22732	0.585925	-0.674501	0.0816284	-0.135794	-0.17124	0.180747	0.122166
-4.28532	4.31034	-1.23054	0.870473	-0.669535	0.0460431	0.172119	-0.223642	0.334187	0.207137
-4.44673	5.04081	-1.16676	0.527608	-0.648048	0.112738	-0.167576	-0.169534	0.170983	0.0904245
-4.47292	4.29359	-1.18967	0.788628	-0.675338	0.0613391	0.039865	-0.236353	0.318378	0.15408
-4.19619	5.33568	-0.919485	0.0104064	-0.449024	0.176603	-0.293036	-0.0658255	0.0113728	-0.0181298
-4.45976	4.49649	-1.17483	0.665465	-0.645268	0.0831208	-0.0392084	-0.209718	0.261918	0.134003
-2.78844	4.03283	0.0130935	-0.843024	0.0644447	0.160158	-0.0275318	0.125502	-0.147372	-0.0495597
-4.24373	4.19244	-1.11262	0.80924	-0.612439	0.0586829	0.127793	-0.222044	0.320371	0.178197
-4.4635	4.71466	-1.1049	0.484318	-0.604135	0.138543	-0.144902	-0.183757	0.199929	0.0818901
-4.30044	5.10857	-0.936396	0.0235724	-0.463049	0.195475	-0.312495	-0.0887531	0.0365555	-0.0216669
-4.28161	4.09368	-0.98513	0.73731	-0.547369	0.0917282	0.0830411	-0.230168	0.321579	0.151619
-4.40798	4.4677	-1.02526	0.476234	-0.554186	0.164251	-0.0728916	-0.194507	0.236433	0.102669
-4.18238	4.81382	-0.744053	-0.381793	-0.332441	0.290033	-0.36049	-0.0292617	-0.0459728	-0.0765993
0.0817919	0.975575	1.75812	-0.56359	0.21945	-0.0121559	0.44592	0.038954	0.0525622	0.321925
-3.15058	-1.4024	-1.12365	0.427131	0.602506	-1.17864	0.137069	0.086077	-0.0180292	-0.600354
-2.99193	-1.42705	-1.54652	0.292167	0.609186	-1.41226	0.0488355	0.168874	-0.140998	-0.564804
-2.9723	-1.44185	-1.75691	0.188528	0.586719	-1.51172	-0.015904	0.213424	-0.215427	-0.497704
-3.05912	-1.50464	-1.70269	0.220508	0.532181	-1.46787	0.0148038	0.1993	-0.192262	-0.494014
-3.4675	-1.47139	-1.07073	0.592397	0.324225	-1.08842	0.299473	0.0706022	0.0329284	-0.606886
-3.64299	-1.53866	-0.488459	0.613658	0.264906	-0.605281	0.337424	-0.0497559	0.180156	-0.499628
-2.11305	-1.23111	-1.95397	0.106987	0.859712	-1.61654	-0.217237	0.223135	-0.267024	-0.337705
-3.50836	-1.35847	-1.00111	0.628645	0.26603	-1.00351	0.323385	0.0530991	0.0562943	-0.562291
-3.41278	-1.53563	-1.27734	0.457863	0.39568	-1.23526	0.208914	0.110954	-0.0353536	-0.602353
-3.72682	-1.22185	-0.668222	0.744067	0.0634573	-0.63029	0.413866	-0.0365021	0.17873	-0.460788
-4.20845	-1.9413	-0.747013	0.36597	-0.146389	-0.344939	0.292311	-0.0770806	0.196418	-0.312989
-4.42453	-2.15534	-1.08079	0.15923	-0.210733	-0.519663	0.192059	-0.0420005	0.140469	-0.496217
-2.22351	-0.817752	-1.77316	0.217372	0.939169	-1.67045	-0.148495	0.228091	-0.254359	-0.432009
-3.74299	-1.41445	-0.950139	0.660111	0.0913402	-0.867022	0.384217	0.0194642	0.110415	-0.52565
-4.12961	-1.74315	-0.976561	0.52381	-0.20979	-0.594758	0.373417	-0.030822	0.163364	-0.349092
-4.46104	-2.14641	-1.00475	0.265495	-0.434491	-0.298463	0.289114	-0.0661043	0.176106	-0.112174
-4.34463	-2.00523	-0.965689	0.354979	-0.216381	-0.500461	0.281953	-0.0655104	0.1908	-0.427818
-3.70075	-1.68194	-1.19548	0.468565	0.188466	-1.0497	0.264737	0.0669748	0.0283317	-0.548294
-1.57457	0.584441	-1.57805	0.112334	1.20401	-1.58378	-0.231232	0.247619	-0.302092	-0.250847
-3.24447	-1.44596	-1.24146	0.393692	0.508385	-1.23	0.109748	0.0953578	-0.0376566	-0.541475
-4.53451	-2.18267	-1.11843	0.0442347	-0.276817	-0.407334	0.119918	-0.0452501	0.11742	-0.421024
-4.14425	-1.9408	-0.641614	0.336284	0.155076	-0.518607	0.190204	-0.107649	0.231187	-0.680413
-2.51742	-0.34229	-1.28483	0.387794	0.954369	-1.51253	0.00159291	0.173583	-0.154298	-0.499407
-4.76871	-2.29451	-1.31781	-0.0332866	-0.621896	-0.238886	0.157362	-0.0414325	0.104672	-0.039869
-3.9559	-1.74191	-1.08524	0.481056	0.0427462	-0.86381	0.30614	0.012351	0.105112	-0.528679
-4.69967	-2.32725	-0.748056	-0.649032	-0.130807	0.182713	-0.249017	-0.0818519	0.0486961	-0.401667
-4.24553	-2.01566	-0.748502	0.294038	0.0399357	-0.506318	0.170145	-0.11157	0.228006	-0.562459
-5.01528	-2.47423	-1.00653	-0.787573	-0.531507	0.426016	-0.279083	-0.0741109	0.00712968	0.01809
-4.578	-2.33894	-1.15858	-0.206549	-0.151964	-0.462023	-0.0155129	-0.045733	0.0957573	-0.533587
-4.22825	-1.86959	-0.205258	0.164617	0.128827	0.0672494	0.160641	-0.191775	0.306369	-0.319585
-3.85946	-1.6486	0.47117	-0.409749	0.651137	0.359333	-0.205615	-0.218646	0.237494	-0.504421
-4.36312	-2.23049	-1.0453	0.0560913	-0.0961549	-0.533226	0.047908	-0.0736639	0.147167	-0.452033
-4.75994	-2.49387	-1.49965	-0.0203706	-0.55541	-0.548196	0.140485	-0.0182142	0.0931346	-0.247475
-4.82761	-2.49935	-1.39154	-0.516056	-0.463012	-0.261621	-0.126728	-0.00547661	-0.00374397	-0.269449
-4.81165	-2.53021	-1.41765	-0.220032	-0.511236	-0.402627	0.0215759	-0.0296764	0.0730148	-0.253236
-4.7982	-2.53462	-1.5199	-0.0582454	-0.619329	-0.497976	0.131173	-0.0148629	0.0814259	-0.178813
-4.99917	-2.63254	-1.64176	-0.476642	-0.695162	-0.304548	-0.0808254	0.010548	-0.0164996	-0.138051
-4.70151	-2.34097	-1.13337	-0.339792	-0.364054	-0.230323	-0.059806	-0.0569007	0.0815322	-0.258662
-4.98298	-2.20343	-1.0614	-1.32311	-0.560139	0.519535	-0.472206	0.02858	-0.177558	-0.00601226
-4.85507	-2.51906	-1.52514	-0.0577483	-0.674193	-0.451669	0.130108	-0.0236516	0.0901954	-0.149683
-4.66216	-2.36285	-1.30601	0.113658	-0.451507	-0.523784	0.174921	-0.0554123	0.152391	-0.299866
-4.15734	-1.75795	-0.416491	0.394746	-0.104683	-0.0905063	0.264189	-0.159723	0.286272	-0.144977
-2.8669	-1.55702	-0.954905	0.134275	0.453857	-0.742719	-0.189963	-0.0772828	0.0990147	-0.207603
-5.35245	-2.85607	-1.78689	-1.03167	-1.10892	0.272103	-0.3381	0.0465417	-0.181736	0.408808
-4.95614	-1.98364	-0.922137	-1.53489	-0.564606	0.732563	-0.543459	0.04586	-0.227789	0.0869703
-4.51975	-0.972044	-0.822213	0.500418	-0.267584	-0.287566	0.221995	-0.200883	0.350296	-0.294101
-5.03246	-2.52405	-1.28173	-0.242614	-0.786325	0.0461314	0.0605318	-0.0906432	0.133863	0.206299
-5.32552	-2.71057	-1.60438	-1.15905	-1.03315	0.450852	-0.406147	0.0402605	-0.196129	0.384701
-4.32959	-0.75829	-0.385887	0.292875	-0.0195924	-0.0224353	0.0601268	-0.242316	0.346369	-0.226799
-5.35474	-2.85599	-1.82871	-0.824378	-1.171	0.172953	-0.218688	0.0265192	-0.120216	0.469031
-5.29827	-2.67277	-1.7079	-0.651502	-1.09398	0.143734	-0.127618	-0.0178786	-0.029219	0.439235
-5.3049	-2.79359	-1.7733	-0.647474	-1.11031	0.0693146	-0.133808	-0.00447276	-0.0466738	0.408754
-4.32497	-1.05345	0.00460791	-0.829417	0.146067	0.647359	-0.362965	-0.145035	0.0825081	-0.178105
-5.35746	-2.89299	-1.75169	-0.722194	-1.17184	0.186086	-0.143817	-0.00631727	-0.0531854	0.523641
-5.21972	-2.73239	-1.376	-0.843518	-0.890954	0.379495	-0.260286	-0.0340498	-0.0490325	0.31233
-5.32451	-2.79804	-1.63581	-1.01306	-1.05141	0.344103	-0.330979	0.0192405	-0.142503	0.403956
-5.37493	-2.80288	-1.70229	-1.04768	-1.13469	0.383877	-0.336083	0.0323412	-0.166729	0.482207
-5.37929	-2.9102	-1.79481	-0.878879	-1.18961	0.241216	-0.240166	0.0232357	-0.12418	0.518067
-5.03608	-1.82899	-0.913068	-1.2303	-0.585701	0.725001	-0.446812	-0.0179955	-0.116848	0.122319
-5.25874	-2.85604	-1.65482	-0.449903	-1.08811	0.0368247	0.00546825	-0.0413236	0.0465421	0.453003
-5.34166	-2.52513	-1.61749	-1.014	-1.06406	0.402489	-0.335473	0.0146979	-0.138906	0.420092
-5.09717	-2.58392	-1.43732	-0.242044	-0.943067	0.0107483	0.119316	-0.0720886	0.124402	0.375671
-4.37821	-1.36924	-0.0486428	-1.58126	-0.0364334	0.897332	-0.488622	-0.00801055	-0.130973	-0.0615883
-5.32664	-2.73697	-1.56737	-1.12528	-1.04276	0.456044	-0.378057	0.0278135	-0.170627	0.419039
-4.60835	-2.19803	-0.495788	-0.0820784	-0.220056	0.202547	0.0366488	-0.198124	0.270564	-0.0360215
-5.23678	-2.81546	-1.69609	-0.529866	-1.10914	0.0637243	-0.0512685	-0.0084016	-0.0192986	0.444676
-5.3256	-2.86167	-1.71264	-0.684808	-1.15019	0.172509	-0.129848	-0.00750559	-0.0460435	0.501547
-5.25797	-2.89285	-1.80499	-0.499324	-1.14841	-0.0322905	-0.0048155	-0.00496396	-0.0058741	0.502534
-5.1606	-2.11879	-1.38636	-0.263207	-0.865127	0.0686753	0.0402794	-0.102904	0.14942	0.217719
-4.91964	-2.20233	-0.847406	-0.567704	-0.538419	0.437159	-0.106138	-0.104901	0.10042	0.153105
-5.2636	-2.61117	-1.36984	-1.19339	-0.925232	0.571702	-0.409798	0.0124378	-0.157808	0.3609
-5.21295	-2.61508	-1.62989	-0.334466	-1.04784	-0.0262605	0.0456665	-0.0471185	0.0698129	0.358274
-5.18823	-2.83656	-1.65595	-0.417724	-1.03689	-0.0291965	0.0213006	-0.0302577	0.0394605	0.413934
-5.04539	-2.53763	-1.47631	-0.101681	-0.892058	-0.158018	0.14846	-0.070433	0.138469	0.207364
-4.7811	-1.78171	-0.518899	-1.42263	-0.357708	0.851304	-0.46755	-0.0148391	-0.123792	0.0617476
-5.03588	-2.51877	-1.28915	-0.390122	-0.849962	0.154889	0.0450832	-0.0690864	0.0952155	0.375555
-5.29389	-2.80068	-1.60268	-0.653727	-1.07757	0.197107	-0.121388	-0.0287334	-0.0121985	0.451463
-5.23365	-2.79784	-1.70976	-0.41746	-1.12892	0.00180349	0.0466258	-0.0266905	0.0369205	0.506188
-4.31241	-1.75444	-0.0773603	-0.350336	0.0135577	0.462344	-0.00548114	-0.166622	0.213683	-0.0225706
-4.79745	-2.32183	-1.1332	0.105294	-0.605286	-0.182133	0.206109	-0.112308	0.216573	0.00441444
-5.18737	-2.60878	-1.52017	-0.292336	-1.00024	0.0156165	0.0814488	-0.0679514	0.109182	0.362275
-4.63652	-2.06374	-0.428456	-0.557733	-0.264296	0.511038	-0.0931917	-0.139962	0.149991	0.105863
-4.67437	-2.09898	-0.640957	-0.397568	-0.398891	0.354185	0.0107052	-0.118615	0.152769	0.167801
-4.67035	-2.31103	-1.1025	0.139295	-0.570733	-0.216379	0.222219	-0.0871034	0.184144	-0.00223275
-5.16627	-2.63032	-1.25598	-0.678441	-0.844663	0.35805	-0.152355	-0.068526	0.0329553	0.330296
-5.19248	-2.81375	-1.55786	-0.467475	-1.01416	0.0777335	-0.00395298	-0.0426763	0.0450453	0.430983
-5.22255	-2.85362	-1.77137	-0.461378	-1.12115	-0.045933	0.0122885	-0.00677186	0.00218596	0.477504
-5.19465	-2.75292	-1.6621	-0.38392	-1.09502	4.61979e-5	0.0621043	-0.0297052	0.0460468	0.480784
-5.10441	-2.65336	-1.42597	-0.32186	-0.926563	0.0592425	0.066349	-0.0625943	0.0944536	0.354888
-5.24077	-2.84901	-1.71802	-0.461764	-1.10286	-0.0107073	0.000156493	-0.0231751	0.0217078	0.457977
-5.10486	-2.73938	-1.65146	-0.27416	-1.04089	-0.113725	0.0992688	-0.022649	0.051345	0.385799
-1.00367	1.22311	-0.736759	-0.70305	1.35028	-1.05663	-0.265344	0.307652	-0.391526	-0.123184
-0.709639	1.42235	1.31556	-2.07458	0.681646	-0.211614	0.0886601	0.278086	-0.238124	-0.208854
-2.42513	3.22166	-1.10544	-0.67831	0.690016	-0.763402	-0.405359	0.308478	-0.458438	-0.186043
-1.68973	3.28375	0.430334	-1.59223	0.231107	-0.189834	-0.0921919	0.266144	-0.300487	-0.18901
-2.44944	3.08485	0.586317	-1.91663	0.286622	0.234351	-0.268733	0.244672	-0.329142	-0.275055
-0.0270577	0.969745	2.10036	-1.96988	0.475235	-0.0491748	0.267535	0.147032	-0.0343027	-0.0183602
-3.5514	2.94206	0.0837274	-1.76085	0.208517	0.545084	-0.569342	0.181746	-0.358762	-0.313389
-3.05681	1.25203	0.882878	-1.7666	0.721448	0.642355	-0.372519	0.0992674	-0.194045	-0.298461
-1.25894	0.237241	2.00394	-0.862062	1.23736	0.0980362	0.112367	-0.0708127	0.158408	0.0203756
-3.3363	1.95909	-0.580197	-0.394031	0.639488	-0.347491	-0.375631	0.0474769	-0.1268	-0.225089
-3.47183	3.75953	-1.21196	0.0491845	0.127991	-0.437455	-0.221241	0.0482058	-0.0951914	0.00705148
-1.77753	1.56833	-0.156503	-0.336482	1.04801	-0.432597	0.00721142	0.126305	-0.128831	-0.0071613
1.85106	1.01877	-0.793087	-0.375896	0.706872	0.0747139	0.573509	0.245987	-0.190643	0.0704774
-1.67411	2.3675	0.94331	-1.25189	0.540142	0.223409	0.276451	0.198175	-0.156121	-0.000363903
1.53573	0.831364	0.300727	-0.551677	0.477538	0.2468	0.769658	0.219635	-0.116419	0.11915
1.52532	0.983163	0.714439	-0.954521	0.272194	0.0873791	0.882628	0.284369	-0.14772	0.0995724
-0.94234	2.63844	1.05397	-1.71527	0.177549	-0.106953	0.1793	0.229071	-0.177907	-0.0841255
-2.77249	3.74133	0.358265	-1.54679	0.163668	0.208748	-0.280076	0.186637	-0.267415	-0.228893
-3.44114	-0.252857	0.885545	-2.07557	0.55275	0.867729	-0.446105	0.0586942	-0.164032	-0.367466
-3.26978	3.80001	0.145141	-1.51151	0.12029	0.367613	-0.407415	0.164653	-0.284452	-0.258943
1.39335	1.26464	1.86229	-2.02217	-0.165471	-0.461749	0.418289	0.194794	-0.0358978	-0.0600387
-1.67334	0.523107	1.99561	-2.07994	0.875433	0.442573	-0.0484497	0.0812757	-0.0512461	-0.182831
-3.88755	-0.505357	0.397907	-2.09085	0.243837	0.919635	-0.540289	0.0826213	-0.236082	-0.259973
-1.23295	0.645728	1.96778	-2.25423	0.590027	0.269255	-0.0220211	0.121998	-0.0849281	-0.140644
0.578291	1.02769	2.20573	-2.30794	0.12645	-0.299708	0.262283	0.164961	-0.0265924	-0.0598536
0.124574	1.53178	1.93122	-2.20204	0.15259	-0.202892	0.257636	0.20689	-0.0980128	-0.0695948
-1.64262	1.84497	1.40708	-1.57543	0.564407	0.345595	0.158747	0.154049	-0.11856	-0.0291216
-3.26561	0.288931	0.743069	-2.33177	0.309962	0.768233	-0.467998	0.147571	-0.278603	-0.285669
-1.72346	1.93132	1.52117	-2.21689	0.542387	0.348432	-0.0207112	0.214562	-0.211355	-0.186255
-2.00861	1.13586	1.54076	-2.4573	0.560155	0.496361	-0.194438	0.185802	-0.220268	-0.260578
-1.78721	3.24444	0.746244	-1.52409	0.121804	-0.0530647	-0.047416	0.168336	-0.16359	-0.122901
-1.45167	1.17643	1.85787	-2.3295	0.632785	0.338724	-0.0429929	0.165389	-0.146712	-0.181419
-1.63237	2.58384	1.25178	-1.86044	0.385539	0.0672915	-0.0402188	0.176559	-0.16339	-0.152114
1.17261	0.821106	1.93998	-1.39621	0.113905	-0.1624	0.63948	0.171677	-0.0187813	0.190007
-4.87821	-1.71231	-0.849252	-1.63297	-0.536334	0.754172	-0.563386	0.0647192	-0.25484	0.0825853
-3.54516	3.76291	0.03784	-1.39336	0.0595012	0.444592	-0.447438	0.11801	-0.240982	-0.246057
-4.11405	4.77874	-0.633986	-0.35731	-0.247171	0.251329	-0.376562	-0.0438022	-0.0293258	-0.110926
-2.14173	1.62031	1.39388	-2.02848	0.609596	0.547587	-0.0746929	0.174999	-0.197961	-0.165886
-4.56054	-1.20824	-0.375618	-1.82807	-0.253877	0.887442	-0.581074	0.0671989	-0.252528	-0.0316332
-3.74866	1.73354	0.278058	-1.88097	0.189738	0.762936	-0.559078	0.116574	-0.277598	-0.269623
-1.03513	0.884264	1.84976	-1.36888	0.747261	0.324291	0.324131	0.110558	-0.0316114	0.0853758
-3.79885	3.35599	0.0505489	-1.42242	0.0742786	0.636293	-0.478193	0.0911237	-0.223599	-0.236547
-4.30344	3.79081	-0.500027	-0.988774	-0.220328	0.567379	-0.560077	0.0174954	-0.161964	-0.181225
-1.86575	0.315885	1.50901	-0.32459	0.96263	0.379042	0.270733	-0.068572	0.146177	0.116724
-1.53863	0.348149	1.86443	-0.887994	0.931642	0.438252	0.240215	-0.0095781	0.0787064	0.102894
-2.93526	1.35174	1.01387	-1.33574	0.597139	0.708859	-0.0943292	0.0367888	-0.0542584	-0.103901
-4.59642	-0.715634	-0.305293	-1.63517	-0.210152	0.953731	-0.564442	0.028187	-0.200248	-0.0359104
-4.08625	0.181289	0.301902	-1.47026	0.200411	0.954726	-0.420162	-0.0143883	-0.0905482	-0.151445
-3.62056	-0.780956	0.468598	-0.545219	0.301656	0.555861	0.0700065	-0.110895	0.160753	0.0698395
-3.59809	-0.629005	0.758413	-0.921665	0.505039	0.768021	-0.0991771	-0.102683	0.110153	-0.104784
-2.06031	0.378403	1.03021	-0.0240327	1.20405	-0.0505495	-0.121192	-0.179972	0.213968	-0.096574
3.35342	0.46639	1.57574	-1.22916	-0.557487	-0.44435	0.51377	0.0561242	0.113757	0.027528
-1.5328	1.0541	1.5099	-0.933626	0.76897	0.227201	0.11074	-0.0213707	0.0817796	-0.0529887
-1.63435	0.843509	1.92673	-1.91941	0.801641	0.478568	0.0196887	0.0949852	-0.068408	-0.115591
-0.196182	0.620336	2.04168	-1.34826	0.594633	0.144864	0.360706	0.0916672	0.00214721	0.137141
-3.40033	0.257592	0.874071	-2.1232	0.432191	0.934201	-0.423638	0.0908709	-0.207076	-0.2326
-2.91545	-0.49471	1.33836	-0.879779	0.781907	0.708808	-0.0816116	-0.122438	0.132489	-0.061697
-0.852607	0.318553	1.79337	-2.02825	0.40953	0.0427041	0.0353801	0.0852353	-0.0171149	-0.114419
-3.54045	-0.364001	0.554835	-2.0339	0.274441	0.744301	-0.451666	0.0786743	-0.19602	-0.268525
1.65146	1.02426	1.90889	-2.05161	-0.0864607	-0.619799	0.382107	0.17011	0.00529322	-0.0462346
-1.76185	1.1451	1.47113	-1.34668	0.819216	0.152332	-0.145513	0.00522118	0.00483086	-0.186193
-3.50953	-1.3525	-0.105059	0.337545	0.66882	-0.429474	0.112968	-0.130622	0.2309	-0.533084
0.0750131	-0.716832	-0.940512	0.255525	1.4336	-1.1866	-0.567764	-0.0512044	-0.00122441	0.0321359
-3.14069	-1.17348	1.28802	0.0220725	1.04262	0.415951	0.0175619	-0.295254	0.386776	-0.34844
-1.93366	-0.543644	1.91775	0.0842502	1.39281	0.207528	0.00987959	-0.279083	0.354372	-0.0522672
-2.79405	-0.905137	1.55773	0.0159457	1.1484	0.431482	0.0615895	-0.283682	0.378682	-0.229427
0.982256	-0.276489	1.34973	0.0696075	1.15603	-0.249516	-0.311845	-0.257983	0.265809	0.440561
-3.31719	-0.929136	1.03723	-1.07937	0.802579	0.588204	-0.273748	-0.12198	0.100865	-0.406372
-1.48007	-0.12181	2.32583	-0.631572	1.26396	0.331133	0.10586	-0.164883	0.250025	0.0408086
-2.55127	-0.331865	1.76819	-1.19052	1.11086	0.642645	-0.0960024	-0.109912	0.143098	-0.278049
-1.41836	0.551926	-0.157765	-0.172805	1.45864	-0.924057	-0.234507	0.0801564	-0.103645	-0.10446
-0.400239	0.56374	-1.39928	-0.0540738	1.4869	-1.46215	-0.413968	0.205749	-0.287101	-0.0314001
-3.19435	-0.640021	-0.441206	0.391473	0.406803	-0.485578	0.253967	-0.0108541	0.102188	-0.320856
-2.93199	-1.07038	0.489913	0.482083	0.80954	-0.251204	0.210254	-0.146531	0.256108	-0.384223
-1.31136	-0.626806	2.03306	0.417696	1.07762	0.101614	0.107546	-0.248071	0.30446	0.110258
-2.43623	-0.848024	1.06555	0.535358	1.02361	-0.166427	0.213319	-0.174429	0.275298	-0.252683
0.472224	-0.449558	0.770425	0.408588	1.15108	-0.488086	-0.285865	-0.182761	0.165307	0.331002
-3.26356	-1.33021	-0.239539	0.614696	0.544566	-0.649432	0.287737	-0.047282	0.161995	-0.509841
0.321811	-0.0913481	2.34962	-0.447519	0.59923	-0.279905	0.180166	-0.142371	0.241884	0.248823
-2.58859	-0.97815	1.29965	0.216882	1.00629	0.0879192	0.107241	-0.238226	0.335379	-0.275331
-3.11825	-1.22353	0.876312	0.277485	0.805892	0.115596	0.169444	-0.215409	0.325496	-0.344665
-1.56938	-0.569557	1.95971	0.307705	1.25813	0.123077	0.0280131	-0.277922	0.338459	0.0465983
-1.81726	-0.630778	2.0853	0.149811	1.22208	0.250309	0.0657151	-0.278066	0.349485	-0.0149944
-2.92827	-1.04175	1.04428	-0.241741	0.867327	0.114162	0.0270032	-0.182159	0.261962	-0.398111
-0.502473	-0.391077	2.19623	0.154702	1.09032	-0.0226899	0.0280037	-0.237885	0.284876	0.287189
-2.45662	-0.934573	1.59814	0.33069	1.08957	0.231848	0.0842791	-0.290183	0.377002	-0.17192
-4.00402	-1.5446	0.19493	-0.928265	0.362109	0.45975	-0.268503	-0.0908799	0.0584269	-0.403836
1.116	-0.311422	1.97299	0.0215292	0.608268	-0.241828	-0.0970848	-0.237925	0.265694	0.418568
-4.31924	-1.98633	-0.153682	-0.591808	0.170724	0.353862	-0.219358	-0.134565	0.120554	-0.363348
-1.8807	-0.944337	1.34748	0.398614	1.19993	0.000488637	-0.124997	-0.305748	0.352025	-0.0795017
-3.85123	-1.74302	0.330589	0.0609833	0.582817	0.105775	0.00433302	-0.23749	0.324688	-0.541448
-2.87601	-1.13639	1.36633	0.31854	1.08976	0.237149	0.0421666	-0.324383	0.423995	-0.308378
-3.70573	-1.60179	0.454587	0.379634	0.619411	0.0418876	0.129657	-0.26741	0.39488	-0.505139
-0.9855	-0.248802	2.33082	-0.538135	1.23768	0.0630023	0.0143945	-0.205996	0.288988	0.0620054
-2.62592	-0.823674	1.50738	-0.579048	1.01774	0.306243	-0.072545	-0.202895	0.261383	-0.31905
-1.64057	-0.51869	2.11974	0.220839	1.20224	0.323364	0.0308198	-0.261188	0.303528	0.0922956
-0.217299	-0.107528	1.97504	0.112724	0.67947	0.228041	0.296127	-0.0698541	0.0928855	0.34165
-1.02184	-0.530831	1.75513	0.687259	0.839249	0.087303	0.152117	-0.179023	0.196187	0.209276
-2.59921	-0.886256	1.56414	0.380343	1.08547	0.332394	0.115505	-0.290027	0.382398	-0.169812
-1.48716	-0.68114	0.759297	0.242994	0.762672	0.0938669	0.148449	-0.150781	0.234771	-0.0729227
-3.94994	-1.71008	0.308448	0.209794	0.343189	0.275495	0.123873	-0.253767	0.363381	-0.221902
-1.60899	-0.533503	1.42674	0.551783	0.90284	0.116623	0.192424	-0.189259	0.256023	0.101893
-1.54182	-0.581885	1.83924	0.329175	0.990656	0.179211	0.0789289	-0.240791	0.290016	0.0581455
-1.62966	-0.315265	1.97263	0.0248679	1.04804	0.354094	0.22786	-0.174655	0.253576	0.12752
-3.92738	-0.338125	-0.0167971	0.385663	0.171805	0.113943	0.195153	-0.230052	0.356625	-0.120902
-1.62526	0.104432	1.50139	0.118885	0.852112	0.327003	0.359443	-0.10508	0.194214	0.13551
-4.0323	-1.78048	0.29988	-0.232964	0.30615	0.459504	-0.0935156	-0.226399	0.259118	-0.16566
-4.11545	-1.62562	0.0103323	-0.227635	0.0990192	0.395916	0.0131349	-0.173261	0.220271	-0.0058317
-2.46324	1.49417	0.177411	0.167695	0.504737	0.0409227	0.336154	-0.0333978	0.128721	0.142808
-3.05247	0.414804	0.464709	0.194244	0.399699	0.257995	0.314637	-0.134562	0.247916	0.101761
-4.07964	-1.60605	-0.0536066	0.174205	0.055627	0.188157	0.209221	-0.190778	0.305755	-0.0498233
-3.1802	-1.30221	0.635357	-0.034849	0.761338	0.106936	-0.169966	-0.241204	0.270582	-0.298064
-3.57536	-0.911546	0.520957	-0.139106	0.409112	0.434871	0.142258	-0.176783	0.263481	0.0241971
-3.55858	-1.49249	0.298707	0.178833	0.595266	0.00760749	-0.0726709	-0.256482	0.323392	-0.330368
-0.383946	-0.388285	1.72013	0.144493	1.21722	-0.0337258	-0.193949	-0.230865	0.226917	0.288211
-3.21101	-1.2419	0.958953	0.0678166	0.785547	0.329024	-0.00744548	-0.282708	0.358157	-0.150792
-0.372936	-0.207319	1.52026	0.101872	0.861818	-0.169	0.150019	-0.105042	0.169766	0.150325
3.66904	-0.0703572	0.0418233	-0.0640014	-0.123334	-0.228041	0.0731592	-0.102727	0.172314	0.134924
4.37327	-0.00579997	0.674525	-0.40284	-0.696011	-0.53445	0.0451374	-0.11799	0.21367	-0.00323507
6.05214	-0.0631304	-0.361721	-0.377185	-0.694354	-0.0563459	0.0741938	-0.181615	0.293791	-0.205445
2.14128	-0.178775	-0.779237	0.0623965	0.847277	-0.396397	-0.089563	-0.00159158	0.0179554	0.153319
2.18506	0.0758603	-1.18331	-0.122318	0.39134	-0.108402	0.275109	0.137839	-0.100606	-0.0013011
3.0889	0.0815582	0.770941	-0.566953	-0.0460304	-0.282346	0.271081	-0.0113005	0.118214	-0.00112723
3.39951	0.269888	1.87076	-1.10028	-0.623365	-0.652359	0.28201	-0.0550702	0.22208	0.0497289
6.19357	-0.128704	-2.4761	-0.112066	0.640511	0.547569	0.150149	0.00767622	0.0247387	-0.0627615
6.49728	-0.16051	-1.73722	-0.189599	0.182873	0.226056	-0.332689	-0.231941	0.267962	-0.0729984
3.96672	0.0300977	-2.21346	-0.0774698	0.839161	0.176757	0.103034	0.120928	-0.131024	0.095548
1.94828	-0.00751256	-0.894477	-0.0112525	0.259701	0.24524	0.22266	0.0799618	-0.0694161	-0.0161448
6.30841	-0.197597	-1.86008	-0.056461	0.48531	0.0939509	-0.604909	-0.277248	0.267102	0.181337
5.41726	-0.175519	0.217803	-0.0211274	-0.511542	-0.259391	-0.424387	-0.296182	0.293908	0.247217
1.3621	0.597489	-0.928135	-0.787895	1.16009	-0.666845	-0.136336	0.236124	-0.256118	-0.0184302
3.90158	-0.0730832	-2.49946	-0.0405459	1.54674	-0.850101	-0.946923	-0.0552104	-0.0619184	0.34656
1.50098	0.576723	-1.82596	-0.501683	1.52438	-1.13615	-0.222317	0.361329	-0.442636	0.0730668
0.200023	1.28544	-0.535836	-0.997103	0.810025	-0.686555	0.246569	0.423275	-0.42656	-0.145705
4.27321	-0.0378516	-1.47704	-0.190233	1.04016	-0.675575	-0.724482	-0.126918	0.0842885	0.338229
1.13743	-0.450465	-1.46322	0.043004	0.469243	-0.112605	0.298091	0.175813	-0.167144	-0.0340199
2.6122	0.749934	-1.78223	-0.594437	1.12789	-0.533706	0.217303	0.38747	-0.409773	0.0346987
5.74157	-0.178986	-2.799	-0.0612577	1.19206	0.0743932	-0.389845	-0.0488921	0.0117686	0.203126
1.23962	-0.03511	-2.09066	-0.193631	1.15773	-0.627584	-0.0560714	0.249578	-0.295126	-0.00958098
0.658628	0.921735	-1.23536	-0.531017	1.42628	-1.02488	-0.0884624	0.353395	-0.412965	0.0682966
1.0817	0.395773	1.62508	-1.10176	0.620211	-0.468312	0.153927	0.0316026	0.0828028	0.137072
3.88722	0.102045	-1.52648	-0.070087	0.23187	0.308856	0.770648	0.237977	-0.168777	-0.0873584
-0.246343	2.06706	-0.596646	-0.881419	0.555756	-0.0949273	0.515478	0.409175	-0.394307	-0.0836153
2.24998	-0.244337	-2.39226	-0.0224758	1.34009	-0.745505	-0.181132	0.197327	-0.247563	0.0283684
-1.99538	-0.946188	-1.03946	0.332837	0.949973	-1.09637	0.000431535	0.0949334	-0.0675289	-0.375273
3.9772	0.536264	1.06111	-1.2801	-0.667662	-0.452467	0.694866	0.117832	0.0883849	-0.130911
0.480363	0.0247484	2.53703	-0.629747	0.718515	-0.179196	0.174714	-0.141671	0.249026	0.367131
4.10705	-0.00532872	1.46529	-0.51095	-0.512318	-0.582222	-0.081343	-0.231866	0.328714	0.360708
5.04288	0.245849	1.02664	-1.018	-1.11464	-0.569958	0.40065	-0.0595845	0.25043	-0.216597
5.62765	0.00611516	0.689899	-0.529948	-1.15152	-0.435322	0.0786853	-0.209871	0.337105	-0.0930438
4.88799	0.120644	1.4043	-0.875524	-1.08205	-0.723556	0.0918671	-0.188375	0.348765	0.0292889
1.83884	0.341033	2.60057	-1.33824	-0.00298167	-0.555196	0.316949	-0.0359649	0.203483	0.299078
5.06579	0.141075	1.15316	-0.775331	-1.17188	-0.616537	0.260448	-0.121179	0.279364	-0.0545356
3.07857	0.509559	2.20952	-1.60423	-0.644663	-0.771279	0.415528	0.014944	0.195201	0.0773484
4.28768	0.181428	1.83024	-0.854859	-1.09618	-0.74533	0.315838	-0.0835355	0.238249	0.152154
3.66329	0.473009	2.03351	-1.53726	-0.865502	-0.851221	0.387514	-0.0144607	0.233592	0.020613
2.84728	0.791567	1.91426	-1.66836	-0.611239	-0.714305	0.489704	0.103841	0.0946184	-0.0108985
3.2346	0.611116	1.90746	-1.47225	-0.693121	-0.785803	0.452138	0.053791	0.144186	0.0478956
1.20421	0.80734	2.49247	-1.98712	0.0664284	-0.450952	0.38408	0.109849	0.0646622	0.120547
2.18404	0.654332	2.43579	-1.65751	-0.305037	-0.69694	0.44176	0.0688138	0.122279	0.196636
4.04587	0.356823	1.63566	-1.29708	-0.882929	-0.712537	0.304885	-0.0526431	0.246518	-0.0920815
2.35405	0.980259	1.66344	-1.90067	-0.343225	-0.670202	0.447625	0.174982	0.0101102	-0.114614
5.12934	0.254014	0.427663	-0.986751	-0.798527	-0.348942	0.437258	-0.00925063	0.187182	-0.309412
4.18461	0.275745	0.985101	-1.00804	-0.448892	-0.4983	0.22028	-0.0810584	0.246306	0.00226208
4.26661	0.389819	0.65045	-0.961618	-0.565026	-0.215624	0.811976	0.132196	0.0570806	-0.0919266
5.59599	0.0889898	0.60226	-0.796903	-1.02792	-0.568013	-0.0226141	-0.212616	0.35924	-0.209951
3.282	0.319499	1.81079	-1.2763	-0.362895	-0.823023	0.124325	-0.0787937	0.247652	0.0953709
3.84966	0.0976832	1.98622	-0.685501	-0.889184	-0.670939	0.234878	-0.0965307	0.213153	0.209518
1.19771	0.395069	1.80651	-1.29333	0.664133	-0.52176	0.116815	0.000686486	0.128493	0.145546
2.91953	-0.0490143	1.74652	-0.0309608	-0.395674	-0.291734	0.232214	-0.0485447	0.0677203	0.3543
0.863597	0.356176	2.50472	-1.35813	0.388529	-0.369185	0.321546	0.00216975	0.152131	0.18233
3.58942	-0.273048	-0.602803	-0.156275	1.02164	-0.717619	-0.803758	-0.23236	0.186519	0.397352
2.61381	0.721773	0.956737	-1.56141	0.142934	-0.684075	0.260372	0.139322	0.00559061	-0.00273253
0.321708	-0.211566	2.60856	-0.059847	0.671608	-0.0480892	0.145689	-0.152644	0.189016	0.438356
2.92829	-0.0715817	-1.57653	-0.255224	1.21916	-1.1289	-0.557485	0.029937	-0.0698028	0.190505
1.08059	0.172709	1.20599	-1.00183	0.889321	-0.838786	-0.110493	-0.0133821	0.0933387	0.175913
0.528481	-0.322282	2.01073	0.469351	0.742909	-0.0255207	-0.0958378	-0.165097	0.111251	0.487043
1.02753	0.407727	2.56933	-1.4776	0.292471	-0.385746	0.356397	0.010965	0.155387	0.187821
3.34857	0.561418	1.23414	-1.35068	-0.403633	-0.805713	0.327489	0.0645689	0.104933	-0.00671416
0.675334	0.140737	2.57205	-0.953903	0.457164	-0.206558	0.270386	-0.0815695	0.208373	0.248963
1.54568	0.812949	0.851611	-1.33329	0.405383	-0.994126	0.163618	0.173138	-0.0647413	0.0277436
5.30714	0.0972574	0.471108	-0.680788	-0.801523	-0.391801	0.179705	-0.133391	0.271683	-0.0845971
4.26356	0.393837	1.05679	-1.2197	-0.669407	-0.755358	0.264157	-0.0218241	0.201183	-0.0860588
0.532412	-0.0529029	2.32814	-0.387779	0.506647	-0.0171946	0.201796	-0.121259	0.190983	0.31982
3.1618	0.580292	1.71074	-1.47112	-0.506051	-0.761775	0.284951	0.0167441	0.158671	0.0150352
1.76248	-0.141446	2.43732	-0.141972	0.0187745	-0.29385	0.143567	-0.121149	0.158781	0.441946
1.14419	-0.512267	0.969052	0.605325	0.404178	-0.175862	0.101233	-0.104117	0.0990519	0.355574
2.35366	-0.114261	1.3163	-0.124201	-0.00152398	-0.618863	0.0322808	-0.136908	0.203796	0.360557
3.68838	0.0505807	0.37899	0.320203	-0.297048	0.196882	0.486656	0.0473797	-0.0341185	0.266698
1.9618	0.109233	1.68558	0.308509	-0.188604	-0.0772207	0.307097	-0.0270406	0.0267105	0.452894
3.53948	0.175382	1.62546	-0.4189	-0.711753	-0.342275	0.550589	0.0407331	0.0565803	0.299708
1.74689	0.601087	1.12176	-0.701807	0.156967	0.0656451	0.750301	0.17081	-0.0504312	0.207292
-0.549502	-0.133348	0.895632	0.0453864	0.414491	0.0646954	0.12293	-0.0572115	0.090791	0.0706952
0.703347	-0.0602943	0.687908	0.174419	-0.0364939	-0.0175687	0.159405	0.00559926	-0.0069631	0.160543
0.445323	-0.104122	0.782005	0.215691	0.0535229	-0.0117825	0.125838	-0.0160879	0.0113742	0.172367
0.294524	0.277682	0.787879	-0.654415	0.110578	-0.232459	0.292327	0.0906149	-0.00341801	-0.0176003
0.553571	-0.13037	0.686727	0.265611	0.0254603	-0.00625935	0.112739	-0.01165	-0.00112394	0.161847
1.58556	-0.0202019	0.323801	-0.126632	-0.242663	-0.178098	0.204924	0.00407684	0.0517845	-0.0148358
3.61065	-0.0564983	1.1859	0.037716	-0.689389	-0.193185	0.453992	0.0149601	0.0371894	0.192163
2.8076	-0.245574	1.19061	0.543598	-0.277663	0.00462772	0.255457	-0.016797	-0.016981	0.360779
3.96283	0.163029	1.4027	-0.817071	-0.598458	-0.682696	0.11174	-0.0899716	0.206367	0.117421
0.120047	0.0654129	1.59848	-0.373321	0.594529	-0.313801	0.0322932	-0.107559	0.166916	0.118897
3.02702	0.415292	-1.48349	-0.164132	1.16496	-0.324647	-0.21667	0.0326366	-0.0508581	0.243243
3.89467	0.145947	-2.21615	-0.0447972	1.27023	-0.513761	-0.400664	0.0302277	-0.0799781	0.247989
0.47508	0.344501	-1.64474	0.111603	1.34341	-1.22405	-0.252672	0.174603	-0.220648	0.0311216
6.01541	-0.0587503	-2.39985	-0.0678888	0.685527	0.550502	0.164619	-0.000458775	0.0308372	-0.000210806
6.55482	-0.202073	-2.49574	-0.0103828	0.718936	0.472235	-0.282803	-0.178529	0.184718	0.0984695
6.02235	-0.143729	-2.23134	-0.0142692	0.785195	0.163852	-0.365779	-0.168441	0.166216	0.239524
4.96739	-0.181901	-1.93562	0.0481364	1.15759	-0.474934	-0.880605	-0.223258	0.154231	0.467988
6.17625	-0.0669369	-2.12725	-0.0595455	0.289297	0.788339	0.597715	0.0829914	-0.0117363	-0.183913
6.65376	-0.181527	-2.39093	-0.0318491	0.471462	0.689675	0.0320497	-0.1113	0.146561	-0.0899289
6.76413	-0.217166	-2.17033	-0.0208697	0.420651	0.442517	-0.403782	-0.275892	0.291671	0.0457008
6.52387	-0.19015	-1.69351	-0.0379261	0.22512	0.226955	-0.436844	-0.305925	0.33102	0.136845
5.58393	0.0912752	-1.12452	-0.248	-0.182525	0.501092	0.826687	0.117587	0.0048091	-0.183553
5.81573	-0.1929	-0.975441	-0.0228365	0.227564	-0.203203	-0.698444	-0.353496	0.346094	0.37857
6.54377	-0.121363	-1.70922	-0.112733	-0.0850872	0.621565	0.323844	-0.0826062	0.165469	-0.254228
6.66612	-0.161577	-1.46391	-0.102196	-0.193631	0.435012	-0.0255565	-0.222127	0.28945	-0.167968
6.48498	-0.152228	-0.915196	-0.145349	-0.416173	0.130883	-0.213242	-0.300475	0.368295	-0.0460328
6.24699	-0.0224054	-0.66271	-0.412554	-0.654318	0.145906	0.307252	-0.125252	0.256009	-0.320365
5.87806	-0.0883264	0.0627992	-0.306399	-0.72674	-0.289139	-0.213389	-0.303281	0.390944	0.0842868
6.11346	-0.0713488	-0.0614296	-0.31337	-0.938845	-0.10966	0.0558822	-0.22888	0.335737	-0.161222
6.18838	-0.232831	-2.73398	-0.0147136	1.07009	0.216267	-0.50013	-0.144936	0.1095	0.205641
6.46284	-0.243204	-2.20598	-0.0061647	0.690067	0.120365	-0.749343	-0.313955	0.28777	0.229641
5.96626	-0.0442253	-0.331176	-0.454632	-0.548075	-0.152508	-0.108171	-0.246851	0.357045	-0.103949
5.95595	-0.225727	-2.72456	-0.00657033	1.17069	0.0464968	-0.596953	-0.147064	0.0991116	0.26752
4.55259	-0.205197	-2.7602	-0.0534546	1.45649	-0.499512	-0.662007	-0.0174716	-0.0658363	0.261409
6.65528	-0.175403	-2.08123	-0.0972683	0.254822	0.539257	-0.0490756	-0.159659	0.205597	-0.130606
1.72023	-0.340766	-2.46168	-0.0358571	1.52864	-1.28501	-0.656576	0.125517	-0.229478	0.0929479
6.05371	-0.00286443	0.0790272	-0.543796	-1.01648	-0.205749	0.108929	-0.20202	0.337658	-0.303449
6.18789	-0.156696	-2.63535	-0.0166455	0.811355	0.558569	0.08061	-0.00476675	0.0166015	0.0403668
6.60601	-0.169583	-1.44177	-0.0985972	-0.103329	0.289591	-0.205462	-0.273203	0.33178	-0.0325872
2.28102	-0.209472	-2.39	-0.0137161	1.43487	-0.999875	-0.32502	0.181978	-0.248886	0.0410379
6.40019	-0.061122	-0.926683	-0.409278	-0.456545	0.0791806	0.0140459	-0.200988	0.309897	-0.274956
5.26008	-0.187999	-2.30558	0.00399907	1.19059	-0.376649	-0.781505	-0.176708	0.115862	0.391187
6.45996	-0.211517	-1.99209	-0.0588027	0.517019	0.0808574	-0.652874	-0.317238	0.316653	0.195472
1.01565	-0.479857	-2.43098	-0.0096561	1.39204	-1.34402	-0.493302	0.182863	-0.273759	-0.0388071
6.44496	-0.18281	-1.82186	-0.166925	0.364073	0.0229225	-0.583237	-0.301915	0.32032	0.0725911
5.20012	-0.230963	-2.49772	-0.0129376	1.31244	-0.473413	-0.915094	-0.177329	0.0953945	0.353145
0.633004	-0.487409	-2.16981	0.0631283	1.47247	-1.58496	-0.609742	0.14783	-0.24138	-0.00296593
5.15059	-0.231632	-2.50207	-0.0378488	1.34173	-0.522056	-0.927262	-0.165868	0.0809734	0.340672
3.03228	0.0345896	-0.632677	-0.315325	1.11559	-0.802235	-0.544732	-0.0992082	0.0881821	0.331931
1.91426	-0.503658	-2.50816	-0.0732331	1.51487	-1.32282	-0.815809	0.0806502	-0.204027	0.183093
1.11172	-0.229823	-2.26665	-0.0352873	1.55758	-1.52659	-0.714491	0.141151	-0.255751	0.0638882
5.13532	-0.271014	-1.89662	0.2538	0.881533	0.143759	-0.326137	-0.119699	0.0811072	0.392941
0.0865192	-0.650576	-0.37546	0.594173	0.474942	-0.0876237	0.248119	-0.022783	0.0618014	-0.0089511
3.03889	0.236383	0.261282	-0.763092	0.289382	-0.121584	0.445883	0.104658	0.00880399	-0.0661651
5.33068	-0.259192	-1.94385	0.0971368	1.02705	-0.0342144	-0.609395	-0.201369	0.154663	0.387034
5.64027	-0.014679	-2.2396	-0.0412838	0.495748	0.732286	0.73024	0.208597	-0.156517	-0.104972
6.01381	-0.0562102	-0.0688161	-0.484057	-0.722742	-0.297412	-0.285368	-0.293616	0.382599	-0.164513
5.94943	-0.117427	-2.47585	0.0343745	0.683909	0.699868	0.375509	0.0979994	-0.078512	-0.0143299
6.05296	-0.231419	-2.28995	-0.0655533	0.937618	-0.0645058	-0.758762	-0.250542	0.213045	0.255117
2.19887	-0.0286156	-0.751823	0.109448	0.169086	0.322684	0.329463	0.0930056	-0.0837903	0.031178
4.59017	-0.111986	-1.01557	0.363297	0.135929	0.659007	0.772612	0.198422	-0.187858	0.069824
6.03735	-0.126057	-1.0075	-0.326839	0.0996381	-0.331833	-0.699434	-0.341523	0.36844	0.128394
6.02475	-0.126699	-0.883295	-0.0483473	-0.300057	0.256161	0.0882113	-0.138202	0.186351	-0.0330205
4.26266	-0.12331	-1.44271	0.212017	0.32326	0.605107	0.437926	0.102532	-0.0947194	0.049947
5.71491	-0.0544408	0.3219	-0.321621	-0.955431	-0.282343	-0.0288211	-0.220629	0.30493	-0.0686381
4.45071	-0.29413	-1.92966	0.0225743	1.38228	-0.608847	-0.91466	-0.190915	0.11101	0.41996
6.2234	-0.121002	-1.99201	0.0102122	0.213886	0.772762	0.493504	0.0471753	0.0057372	-0.166592
4.75765	-0.190407	-1.67593	-0.166764	1.21165	-0.604402	-0.885235	-0.203386	0.147007	0.404688
4.78093	-0.238376	-0.93358	-0.0176744	0.756737	-0.397864	-0.755651	-0.292591	0.259762	0.447013
5.51911	-0.205724	-1.67311	0.273322	0.461995	0.617646	0.195165	-0.000349006	-0.013352	0.146988
4.56144	-0.232198	-1.06413	0.376173	0.280351	0.497694	0.269524	0.019705	-0.0340101	0.151469
5.81084	-0.218254	-1.89095	-0.0982481	0.85368	-0.295798	-0.862747	-0.289971	0.251904	0.355293
5.29717	-0.0201589	-0.496001	-0.0384225	-0.399369	0.374142	0.688559	0.0834245	-0.0109141	-0.0672209
0.136069	-0.221473	0.640536	0.478041	0.181015	0.0522723	0.163663	0.000484021	-0.0205991	0.155126
6.27918	-0.112935	-2.22367	-0.0543768	0.369953	0.75284	0.437333	0.0439459	0.0108036	-0.162494
-0.522275	-0.341248	0.959924	0.474223	0.472832	0.0655463	0.11275	-0.0880327	0.0932411	0.137096
4.04337	-0.223716	0.316914	0.375228	0.103061	0.0349151	-0.184159	-0.169029	0.120178	0.4857
6.29647	-0.227159	-2.22972	0.0932197	0.721694	0.380906	-0.378485	-0.196896	0.179479	0.259344
2.10767	-0.349107	0.979939	0.62111	0.128234	0.0844383	0.239119	-0.0301718	-0.00413498	0.323104
6.51786	-0.21836	-2.24724	0.011017	0.607886	0.392203	-0.41146	-0.227446	0.221681	0.122315
6.37559	-0.227467	-2.71341	0.010929	0.959711	0.44668	-0.321948	-0.123622	0.101511	0.145611
3.59826	-0.346803	-0.232224	0.433377	0.813252	-0.0959482	-0.646189	-0.256646	0.160403	0.521392
4.24693	-0.197751	0.659568	0.16979	-0.410074	-0.10801	0.0197435	-0.130536	0.128074	0.243275
6.41292	-0.19079	-1.81769	-0.0997767	0.382563	0.150627	-0.467669	-0.269058	0.284871	0.141995
6.59323	-0.226034	-2.4081	-0.00973096	0.662922	0.445512	-0.386664	-0.2098	0.204632	0.0694937
4.77696	-0.187995	-0.479959	0.320295	0.124179	0.33496	0.0699184	-0.0757398	0.0481025	0.284462
6.26005	-0.128321	-0.744015	-0.252369	-0.330331	-0.134492	-0.406996	-0.326431	0.384461	0.0355475
6.29426	-0.169743	-0.939433	-0.115238	-0.203793	0.0838079	-0.372967	-0.312872	0.349946	0.0561215
3.50144	0.108813	0.189114	-0.107382	0.133203	0.288908	0.572009	0.0635937	0.00345052	0.178418
5.13039	0.0749196	0.736986	-0.731452	-0.753946	-0.650929	-0.100704	-0.217501	0.345956	0.0197192
6.54768	-0.22939	-2.23815	-0.0318473	0.645251	0.266238	-0.591954	-0.27882	0.266708	0.142908
6.15316	-0.0909791	-1.89409	-0.0321518	0.168647	0.737926	0.520824	0.0489827	0.0132126	-0.181583
4.61596	-0.175536	-1.38005	-0.181623	0.834664	-0.612493	-0.767085	-0.198849	0.157788	0.31028
6.49806	-0.136554	-1.6466	-0.16218	0.086106	0.303825	-0.152947	-0.214376	0.269089	-0.0747025
6.25807	-0.0347586	-1.03817	-0.372083	-0.375867	0.29175	0.298772	-0.0918018	0.202858	-0.302889
5.98753	-0.0180202	-1.73972	-0.11641	0.0842474	0.695231	0.710537	0.0998753	-0.00926291	-0.19549
5.45924	-0.267199	-1.80463	0.0521195	0.984045	-0.272752	-0.929193	-0.289678	0.218324	0.433541
6.51894	-0.229518	-1.82045	-0.0148183	0.351397	0.225315	-0.577532	-0.30616	0.296524	0.0981085
4.8447	0.0929723	0.440161	-0.462988	-0.613382	-0.0521928	0.468323	-0.0178612	0.131629	-0.0314233
1.90865	-0.840889	-1.36536	0.103729	0.988978	-0.642103	-0.80721	-0.166509	0.0705415	0.40341
4.49112	-0.233332	-0.202357	0.11404	0.364962	-0.181461	-0.543322	-0.239545	0.183255	0.408257
1.0106	0.0907589	-0.258435	0.0886788	0.0198595	0.141932	0.314798	0.0811033	-0.0598088	0.0190196
4.34818	0.330385	-1.51935	0.111659	0.180279	0.669595	1.05349	0.269662	-0.186682	-0.0380134
1.558	0.0487839	-0.172281	0.14499	-0.0301018	0.185482	0.404773	0.0970363	-0.0756552	0.047886
4.54173	0.351779	-1.5621	0.0104691	0.206074	0.680118	1.06158	0.273934	-0.182889	-0.0524765
5.80099	-0.051659	-1.87305	0.0493483	0.199637	0.802609	0.756863	0.150504	-0.0870511	-0.144266
1.20653	-0.0455257	0.20258	0.222761	-0.0725752	0.0830865	0.216031	0.0360739	-0.0386324	0.104917
2.4858	1.0666	-0.977689	0.0502761	0.14797	0.440349	1.00635	0.245694	-0.142656	0.0867966
6.02598	-0.158303	-1.71012	0.157538	0.1812	0.699472	0.331409	-0.00783402	0.0334389	-0.0168127
1.3544	1.36534	-0.325075	0.144136	-0.0181596	0.262542	0.871317	0.173956	-0.0761405	0.188522
5.78255	-0.0202279	-2.0505	0.0539133	0.314598	0.837902	0.776071	0.16784	-0.105272	-0.114138
4.42123	-0.131816	0.200966	0.320449	-0.473845	0.214589	0.40504	0.0236419	-0.0183079	0.137516
6.37854	-0.158136	-2.36376	0.0645344	0.488655	0.818556	0.306652	0.00213816	0.0305151	-0.0624849
5.38764	0.0553054	-1.6451	0.0861545	0.167711	0.727212	0.842028	0.179046	-0.11225	-0.0450721
6.40281	-0.158199	-2.13568	0.0627418	0.312093	0.785807	0.312778	-0.023994	0.0644121	-0.096175
6.332	-0.141537	-2.37155	0.0484174	0.496833	0.811462	0.344231	0.0180927	0.0187044	-0.0686146
5.922	-0.0556228	-1.07844	-0.114252	-0.334074	0.504017	0.61653	0.0342253	0.0589441	-0.236006
6.48282	-0.190787	-2.23664	0.0797504	0.481422	0.643311	-0.0214986	-0.123045	0.139582	0.049141
6.291	-0.122379	-2.09444	0.0299844	0.2938	0.77532	0.431015	0.0167588	0.0363447	-0.105357
5.78748	0.00760393	-0.678118	-0.281253	-0.561847	0.321143	0.694029	0.0406333	0.0849189	-0.27924
6.17991	-0.0907892	-1.59504	-0.0112298	-0.0533355	0.666957	0.535302	0.00906671	0.067904	-0.161411
4.69176	-0.286455	-0.884344	0.371174	0.257154	0.221801	-0.138533	-0.141918	0.11889	0.270627
5.4495	-0.148108	-0.318393	0.156245	-0.523243	0.274408	0.300874	-0.0745834	0.112903	0.0360654
6.31769	-0.148716	-2.40864	0.051303	0.592202	0.714096	0.188149	-0.0254675	0.0511885	0.00908891
5.73768	-0.0828434	-0.639497	-0.0167124	-0.419225	0.303129	0.355288	-0.0624602	0.129387	-0.024425
3.26212	-0.0465312	0.915961	0.0228271	-0.25892	0.0689888	0.505072	0.000531823	0.0644136	0.188044
5.93997	-0.112278	-1.93531	0.0561807	0.408572	0.453935	0.128008	-0.0562738	0.0863682	0.0675953
4.08687	0.17522	-0.0621344	-0.109289	-0.206447	0.294183	0.847019	0.154925	-0.060385	0.0700981
6.01555	-0.0447326	-2.03599	-0.0213114	0.303748	0.742518	0.570902	0.0738079	-0.00620305	-0.118997
2.19067	0.894152	-1.53599	0.168695	0.619532	0.0640579	0.387518	0.113149	-0.0687164	0.141593
5.04379	0.169303	-0.28737	-0.386895	-0.434485	0.203755	0.801031	0.0984723	0.0390176	-0.0870026
0.870136	0.744956	-0.601299	0.330146	0.38063	-0.0738772	0.479866	0.0864411	-0.0203351	0.159372
0.567355	1.12614	-0.0118845	-0.136998	0.419219	0.206868	0.710141	0.156278	-0.0593234	0.191662
2.4567	1.05795	-1.04992	-0.511347	0.501604	0.271415	0.926064	0.393045	-0.32115	-0.0124012
3.48642	0.584161	-1.88428	0.0609017	0.417897	0.511855	1.02604	0.338159	-0.267556	-0.0477797
1.46303	1.37195	-1.36941	0.180331	0.271077	0.295903	0.953993	0.290156	-0.207907	0.04753
-2.48997	4.07253	-0.982741	-0.610017	0.222327	-0.244902	-0.113228	0.273736	-0.369999	-0.0984825
-3.49146	4.71779	-1.28731	-0.120476	-0.0194445	-0.327087	-0.340981	0.113766	-0.222261	-0.0694041
0.889246	1.83704	-0.890317	-0.41182	0.409873	0.184595	0.833265	0.358627	-0.295632	0.047874
-4.01971	5.33728	-1.04372	-0.0833393	-0.387363	0.0935143	-0.264973	0.00493534	-0.0723275	-0.031873
-3.50844	4.5341	-0.908553	-0.579246	0.0579896	-0.180634	-0.456337	0.156445	-0.303736	-0.174763
-4.21229	5.4915	-1.25083	0.218237	-0.498778	-0.00345234	-0.300636	-0.0473893	-0.0185397	0.0129738
-3.60717	4.80286	-0.920385	0.124103	-0.302776	0.0936237	0.0267336	-0.00752716	0.0139808	0.0690876
-4.3159	5.33763	-1.23327	0.45057	-0.609944	0.0570701	-0.179961	-0.116252	0.0989401	0.0823736
-4.27433	5.36377	-1.18717	0.367364	-0.56628	0.0788907	-0.176528	-0.10528	0.088997	0.0684043
0.0689978	1.82663	-1.13554	0.269445	0.165324	0.128024	0.891064	0.262565	-0.176264	0.0610363
-4.17364	5.39438	-1.22333	0.190251	-0.50116	-0.00717374	-0.325895	-0.0300245	-0.0527603	-0.00364732
-4.31687	5.3535	-1.28138	0.457051	-0.625533	0.0255771	-0.208299	-0.104348	0.0734502	0.0786343
-3.21772	4.27305	-1.04754	0.451945	-0.319572	0.0665689	0.255676	-0.0325516	0.0936626	0.146961
-4.40143	4.90945	-1.24142	0.745778	-0.697691	0.0612462	-0.0233409	-0.196563	0.243712	0.158872
-4.39208	4.96165	-1.29019	0.736021	-0.671373	0.0304451	-0.0114972	-0.192688	0.24669	0.165095
-3.96941	4.97593	-1.14449	-0.0929935	-0.320729	-0.0895707	-0.43042	0.0531467	-0.18561	-0.0919636
-4.07087	4.77534	-1.12594	0.566136	-0.607251	-0.0177548	-0.154724	-0.0705898	0.0274786	0.0484019
-4.43173	5.19617	-1.33047	0.690429	-0.73364	0.0388379	-0.108592	-0.168979	0.182268	0.150318
-1.85143	2.16557	-0.600962	0.613209	-0.110544	0.0371079	0.59251	0.0564676	0.0368807	0.0993231
-2.96807	3.1532	-0.486281	0.40722	-0.286431	-0.108473	-0.146287	0.105181	-0.222883	-0.107115
-4.0025	3.90139	-0.655672	-1.0592	-0.0889727	0.31713	-0.604979	0.11913	-0.303267	-0.214038
-4.40629	4.64712	-1.2557	0.836613	-0.705081	0.0571475	0.083265	-0.224739	0.312746	0.191919
-4.48366	4.64211	-1.28217	0.855147	-0.746445	0.0554749	0.0532681	-0.235636	0.318488	0.187485
-4.36142	4.6057	-1.18665	0.833615	-0.699822	0.0572761	0.0325708	-0.209817	0.273146	0.161854
-4.0229	4.60863	-1.13085	0.825097	-0.656075	-0.00875649	-0.00338447	-0.12191	0.132592	0.122491
-4.10212	5.01476	-1.20918	-0.0778272	-0.329398	-0.0774826	-0.439512	0.0188418	-0.136232	-0.0669212
0.0765939	1.16236	0.547884	0.88455	-0.552013	-0.0239457	-0.0553193	0.158881	-0.338407	-0.0301319
-3.95208	4.34173	-1.02092	0.927348	-0.61772	0.0101458	0.105409	-0.147701	0.195923	0.137001
-1.39785	2.01133	0.0954871	1.00806	-0.49007	-0.0109042	0.110721	0.0917876	-0.186501	0.0720146
-1.24739	1.99323	0.272408	0.686331	-0.350833	-0.0107241	-0.178351	0.189053	-0.394492	-0.0666666
-3.94403	3.50815	-1.06865	0.866682	-0.536305	-0.00390708	0.268651	-0.16679	0.277468	0.139106
-4.22796	4.13137	-1.14792	0.971118	-0.675231	0.0256997	0.181695	-0.218462	0.322791	0.178402
0	0	0	0	0	0	0	0	0	0
-4.26459	4.61314	-1.33509	-0.109302	-0.330768	-0.112367	-0.486017	0.00414992	-0.124609	-0.0521981
-3.78424	4.66615	-0.821658	0.0301062	-0.379446	0.0450829	-0.378173	0.0388234	-0.170885	-0.0954824
-3.87627	3.81948	-0.859854	0.992745	-0.525953	0.0121342	0.189738	-0.172451	0.253264	0.130855
2.15022	0.522065	1.11915	0.999647	-0.974825	0.0473062	-0.318116	0.19097	-0.493594	-0.12789
-3.74705	4.22279	-0.975219	0.904964	-0.588426	-0.0176387	0.118572	-0.10038	0.129983	0.108354
-4.16983	4.37888	-1.46967	0.0847914	-0.328694	-0.240137	-0.361535	-0.00883848	-0.0710303	0.0267304
-4.05881	3.65127	-0.987448	0.980211	-0.565325	-0.0140416	0.21231	-0.195319	0.297974	0.120819
-4.17106	3.84618	-1.13969	0.981428	-0.639796	-0.00675823	0.236052	-0.211472	0.329874	0.164134
-0.961813	1.45313	-1.02616	0.543439	-0.126724	0.114947	0.677473	0.086459	0.0122234	0.0398239
0.309981	1.35658	0.705258	1.09978	-0.763493	0.0487758	-0.127494	0.147881	-0.364391	0.0237772
-3.86551	3.90287	-0.915914	0.969162	-0.547775	-0.008335	0.176685	-0.152872	0.222605	0.12061
-1.49878	2.42281	0.150262	0.864215	-0.581695	0.0546041	-0.248005	0.106526	-0.311125	-0.0172315
-3.57058	4.13619	-0.849979	0.904734	-0.580874	-0.0047568	0.0854779	-0.0769313	0.0827204	0.103263
-4.18349	3.53229	-1.06527	1.00084	-0.609711	-0.036067	0.226791	-0.214227	0.331603	0.12289
-2.36469	3.36537	-1.15227	0.702565	-0.311479	0.141296	0.571309	-0.0180687	0.13372	0.169822
-3.79152	4.10967	-1.3827	0.124176	-0.0600159	-0.403386	-0.271382	0.0199998	-0.0747494	0.0192384
-4.04397	3.54042	-0.950571	0.97328	-0.54068	-0.0225438	0.210666	-0.19338	0.295379	0.10444
-3.90398	4.85531	-0.874228	0.0834451	-0.468526	0.0844487	-0.375137	0.0171695	-0.144879	-0.0665317
-4.21658	5.24656	-1.00138	-0.0560705	-0.400248	0.12953	-0.346447	-0.0458578	-0.0258553	-0.0386404
-4.18909	4.6798	-1.16512	0.638452	-0.692183	0.0292746	-0.158482	-0.112278	0.0806702	0.113381
-3.8099	4.05765	-0.849728	0.982179	-0.555856	0.0216117	0.132258	-0.150621	0.202419	0.135318
-4.00306	3.73202	-0.896711	0.972368	-0.539324	0.0106282	0.172758	-0.191628	0.278777	0.120423
-3.83261	4.6284	-0.818998	0.0292607	-0.129279	0.027246	-0.160434	-0.0416142	0.0236522	0.0243169
-3.85114	3.92788	-1.10825	0.78312	-0.534155	0.0652549	0.268444	-0.17217	0.285902	0.18079
-4.40463	5.10239	-1.25467	0.49482	-0.690677	0.0586555	-0.226661	-0.12416	0.0887352	0.0922684
-4.26369	4.66177	-1.12407	0.768381	-0.673454	0.0565451	-0.0457523	-0.173697	0.197739	0.14128
-4.04077	5.20636	-0.805193	-0.361264	-0.319166	0.181901	-0.407891	0.0175505	-0.123828	-0.103944
-4.42172	4.95754	-1.22524	0.611117	-0.678583	0.0730364	-0.128514	-0.169376	0.178483	0.125415
-4.31234	5.38687	-1.09494	0.089708	-0.530431	0.128222	-0.353645	-0.0633439	-0.0136379	-0.0149347
-4.43026	4.10627	-1.19187	0.863722	-0.693168	0.0462703	0.104516	-0.241159	0.339874	0.168344
-4.46189	4.5008	-1.20446	0.769092	-0.703047	0.0691116	-0.00746844	-0.219287	0.278883	0.150666
-4.36239	4.22895	-1.22159	0.852768	-0.676465	0.0433867	0.144303	-0.231429	0.339008	0.189418
-3.08974	3.78875	0.137981	-0.826469	0.203966	0.285173	-0.0960525	0.0832328	-0.11348	-0.0691879
-4.4263	5.17211	-1.17219	0.437454	-0.632065	0.110741	-0.221473	-0.142761	0.121394	0.06804
-4.44507	4.70681	-1.19865	0.645153	-0.659774	0.0788761	-0.0764327	-0.193646	0.228255	0.130419
-4.1795	5.37523	-0.91761	-0.0684648	-0.427653	0.179809	-0.319098	-0.0477518	-0.0177663	-0.0332357
-4.49582	4.26083	-1.21086	0.77948	-0.684884	0.0588231	0.0399578	-0.23727	0.320629	0.157584
-4.48092	4.25153	-1.22449	0.820299	-0.68433	0.0442549	0.0771232	-0.243294	0.339606	0.164551
-2.50627	3.57352	0.261587	-1.00543	0.205546	0.206401	0.0521493	0.156636	-0.166069	-0.0461082
-4.44715	4.74559	-1.13728	0.591375	-0.631256	0.107638	-0.107278	-0.192736	0.21921	0.102966
1.28667	1.43659	-0.208365	0.0736133	-0.0718411	0.217758	0.834499	0.160038	-0.0590526	0.194968
-4.48566	4.29686	-1.13117	0.647296	-0.618009	0.0951926	-0.0319516	-0.222344	0.283131	0.118118
-3.87442	5.02932	-0.609299	-0.462898	-0.213087	0.194857	-0.347837	0.0212653	-0.105454	-0.105462
-4.34902	5.14433	-1.01891	0.224589	-0.530014	0.166493	-0.258291	-0.119083	0.0863056	0.0192211
-3.97281	3.88181	-0.75207	0.607965	-0.447475	0.0928877	0.086241	-0.201915	0.283449	0.160412
-4.50467	4.85582	-1.1238	0.194778	-0.569056	0.17583	-0.278452	-0.134718	0.104725	0.0316653
-3.96363	4.56081	-0.518691	-0.805535	-0.180244	0.324458	-0.4518	0.0507848	-0.168347	-0.165466
-2.95898	3.32436	0.159838	-0.254999	0.0210844	0.237905	0.0942098	-0.0418488	0.0839198	0.116961
-3.27041	-1.44842	-1.16842	0.43565	0.550235	-1.20989	0.162619	0.0936897	-0.0216077	-0.618157
-1.43368	-0.79122	-2.09262	0.0241291	1.07456	-1.63251	-0.234209	0.286284	-0.354358	-0.26162
-3.31154	-1.51665	-1.3792	0.365331	0.462963	-1.27674	0.141794	0.129859	-0.074651	-0.576347
-1.25931	-0.565794	-2.01921	0.076037	1.28522	-1.8029	-0.355121	0.261917	-0.336311	-0.280752
-2.90692	-1.42613	-1.83513	0.110765	0.562368	-1.48167	-0.0601572	0.226338	-0.248238	-0.393342
-3.52972	-1.50479	-0.700124	0.587431	0.308716	-0.798364	0.309013	0.000284696	0.114319	-0.516116
-2.56645	-1.27665	-1.91623	0.0766082	0.72804	-1.58276	-0.148765	0.243273	-0.28512	-0.358744
-3.72264	-1.50686	0.128397	-0.305521	0.430922	-0.103426	0.0584128	-0.115426	0.207226	-0.614751
-3.51049	-1.41538	-1.07379	0.570255	0.267978	-1.02602	0.289201	0.0619568	0.0372911	-0.543871
-3.28375	-1.59623	-1.62571	0.249889	0.407566	-1.37596	0.078536	0.179638	-0.15708	-0.48655
-3.58305	-1.49921	-0.230759	0.59386	0.338762	-0.448299	0.316193	-0.0921771	0.222324	-0.451278
-2.4796	-1.2774	-1.8522	0.14646	0.770522	-1.60194	-0.132188	0.225705	-0.254106	-0.384909
-0.439225	-0.157039	-1.82442	0.0731583	1.56407	-1.78217	-0.524854	0.205316	-0.297336	-0.109112
-1.95099	-0.8521	-1.91378	0.126052	1.10074	-1.80415	-0.265239	0.247621	-0.298626	-0.39826
-4.45487	-2.13898	-1.00276	0.0886543	-0.151765	-0.475277	0.15646	-0.0596875	0.158454	-0.567437
-3.95892	-1.66755	-0.797961	0.572535	-0.023948	-0.609304	0.366966	-0.03739	0.172409	-0.448412
-4.34536	-2.03908	-0.714339	0.240959	-0.172622	-0.208693	0.238524	-0.104175	0.215068	-0.292382
-3.5999	-1.62022	-1.20607	0.474483	0.252367	-1.09746	0.255073	0.0788351	0.0120948	-0.55439
-4.52262	-2.18768	-1.15735	0.124328	-0.318268	-0.483689	0.186459	-0.0431054	0.137487	-0.415606
-3.8649	-1.5544	-0.963142	0.643764	-0.0100924	-0.807804	0.400783	0.00788172	0.127222	-0.501253
-4.7315	-2.30155	-0.672199	-0.806667	-0.152827	0.327131	-0.310226	-0.0857763	0.0323604	-0.334287
-4.43767	-2.10842	-1.04872	0.306585	-0.443941	-0.357192	0.313046	-0.056613	0.171454	-0.125781
-2.658	-0.206344	-1.40851	0.313109	0.90789	-1.55123	-0.025335	0.199643	-0.195172	-0.50789
-3.41003	-1.43929	-1.13545	0.423688	0.455179	-1.13911	0.16109	0.0720594	0.00155857	-0.569592
-4.49223	-2.10679	-1.11124	0.219561	-0.331626	-0.455093	0.23088	-0.0565607	0.161781	-0.3556
-4.60412	-2.12197	-1.25433	0.120972	-0.519958	-0.352649	0.221797	-0.0367168	0.119904	-0.127757
-3.93625	-1.70362	-0.926723	0.485233	0.136056	-0.792334	0.288109	-0.0196411	0.142195	-0.569502
-4.30373	-2.02023	-0.790384	0.263668	-0.00916752	-0.469107	0.187054	-0.0984605	0.214239	-0.592138
-5.24072	-2.67427	-1.50457	-0.946627	-0.89203	0.351349	-0.315636	0.00204839	-0.112498	0.237303
-3.88264	-1.69025	0.0143016	0.445394	0.423819	-0.21146	0.165806	-0.217726	0.35032	-0.5646
-4.40541	-2.00154	-0.573021	0.182984	-0.0945457	-0.0863379	0.189171	-0.151593	0.265384	-0.289535
-4.60864	-2.2187	-0.762799	-0.396135	-0.0532386	-0.0374967	-0.131605	-0.0966386	0.113	-0.531305
-4.72994	-2.15625	-0.525271	-0.620335	-0.134546	0.445187	-0.235122	-0.142844	0.119714	-0.223653
-4.66116	-2.37394	-1.36125	-0.108873	-0.314327	-0.5566	0.0532549	-0.027837	0.0908008	-0.45855
-4.50563	-2.2314	-0.967828	-0.0151077	-0.160135	-0.384847	0.0474594	-0.0885949	0.160103	-0.438059
-4.88438	-2.63442	-1.66469	-0.223633	-0.675392	-0.482734	0.0542021	0.00752017	0.029734	-0.125449
-4.52937	-1.96201	-0.613221	-0.869313	-0.0360543	0.15885	-0.295609	-0.0492325	0.00490626	-0.452255
-4.79191	-2.52337	-1.49095	-0.0436775	-0.589153	-0.502689	0.132998	-0.0228734	0.0943756	-0.207975
-4.65275	-1.63361	-0.549182	-1.56601	-0.18163	0.635022	-0.551136	0.0321613	-0.189145	-0.26653
-4.52691	-2.1357	-0.791327	-0.357906	-0.143829	-0.109534	-0.0991306	-0.0920159	0.113873	-0.328127
-5.0567	-2.60102	-1.5994	-0.603274	-0.698291	-0.181516	-0.155753	0.00662961	-0.0365927	-0.145836
-4.80635	-2.55011	-1.53099	-0.063324	-0.641948	-0.488659	0.133587	-0.0123752	0.0773723	-0.159469
-4.83156	-2.57273	-1.53954	-0.0991559	-0.619288	-0.491862	0.106619	-0.0185536	0.080952	-0.173683
-4.99218	-2.10465	-0.998179	-1.49513	-0.5537	0.662059	-0.548683	0.0406642	-0.220324	0.0279299
-3.82252	-1.52465	0.251655	0.162988	0.282655	0.22749	0.179843	-0.204539	0.314201	-0.140004
-5.2406	-2.77911	-1.75176	-0.818355	-0.956364	0.0409518	-0.240529	0.0292174	-0.113211	0.175887
-3.91395	-1.81416	-0.86174	0.228359	0.187587	-0.672039	0.0478821	-0.0776246	0.153255	-0.42695
-4.78392	-2.47973	-1.48028	0.0173503	-0.629795	-0.493526	0.169394	-0.0260338	0.106133	-0.181706
-4.65981	-2.36329	-1.31029	0.118395	-0.456726	-0.526835	0.182623	-0.0524753	0.150487	-0.302296
-5.21024	-2.47289	-1.38374	-1.3326	-0.843767	0.556715	-0.487191	0.0458475	-0.220752	0.23984
-4.51882	-1.6657	-0.749611	0.290321	-0.338677	-0.103828	0.254022	-0.161648	0.2919	-0.0675375
-4.2695	-1.96458	-0.0849159	0.0747978	0.0569014	0.237947	0.104973	-0.223871	0.321457	-0.118108
-5.25996	-2.55959	-1.4782	-1.25608	-0.92154	0.51803	-0.45411	0.0437112	-0.211513	0.297961
-5.27236	-2.80377	-1.87512	-0.620116	-1.1167	-0.0459119	-0.103064	0.019029	-0.065608	0.378995
-4.53566	-1.07557	-0.951313	0.485074	-0.327635	-0.362608	0.242273	-0.169179	0.316452	-0.309978
-5.36619	-2.82758	-1.80775	-1.07422	-1.14449	0.315095	-0.349361	0.0524273	-0.196895	0.475279
-5.03763	-2.6363	-1.33264	-0.209757	-0.83096	0.00228857	0.107936	-0.0853827	0.140935	0.262406
-3.9584	-0.0119618	0.0619533	0.332642	0.286175	0.0805933	0.00340955	-0.277971	0.371213	-0.263954
-4.76496	-1.7624	-1.02696	0.0732956	-0.45528	-0.138699	0.0770526	-0.155309	0.238667	-0.0975896
-4.99039	-2.02437	-1.28826	-0.343847	-0.732783	0.108567	-0.021217	-0.0864343	0.101315	0.203782
-5.3389	-2.7064	-1.64964	-1.14703	-1.06584	0.434052	-0.391418	0.0426895	-0.195859	0.420326
-5.30443	-2.77289	-1.85765	-0.659353	-1.15238	0.036582	-0.125989	0.0107606	-0.0664191	0.459638
-5.37696	-2.89509	-1.89456	-0.840322	-1.23323	0.170746	-0.204554	0.0336758	-0.12855	0.556667
-4.44368	-2.05093	-0.18522	-0.606554	-0.023823	0.543304	-0.238612	-0.160388	0.12817	-0.0618346
-5.2264	-2.54367	-1.40478	-1.13631	-0.850815	0.470862	-0.425467	0.00347494	-0.147093	0.253926
-5.31847	-2.89185	-1.73048	-0.640374	-1.13985	0.132106	-0.0943208	-0.0166551	-0.0222228	0.504928
-4.98307	-2.32291	-1.21566	-0.296512	-0.724613	0.10384	0.0343305	-0.0967612	0.131833	0.225314
-5.31401	-2.86974	-1.83463	-0.942226	-1.12843	0.193444	-0.276253	0.0452335	-0.160562	0.48575
-5.16383	-1.79934	-1.25044	-1.2961	-0.753313	0.63642	-0.515099	0.019424	-0.190795	0.192078
-5.36728	-2.66233	-1.68424	-1.14308	-1.10868	0.436797	-0.388749	0.0409704	-0.193616	0.470826
-5.35683	-2.92311	-1.87615	-0.806894	-1.20924	0.137565	-0.188471	0.0297102	-0.115285	0.537963
-4.33335	-0.0519496	-0.553607	0.244037	-0.246636	0.138255	0.216045	-0.1904	0.312791	0.102066
-5.38051	-2.9164	-1.86844	-0.802583	-1.23938	0.171683	-0.18064	0.0237959	-0.107365	0.575175
-4.8585	-2.30518	-1.0745	0.0276669	-0.644089	-0.0350234	0.20519	-0.12506	0.227491	0.127584
-5.34443	-2.78591	-1.67882	-1.0836	-1.09965	0.384277	-0.347091	0.03533	-0.171743	0.472239
-5.10971	-2.22663	-1.13772	-0.989316	-0.719679	0.546391	-0.312386	-0.0309079	-0.0632685	0.217407
-5.25696	-2.87463	-1.73838	-0.479611	-1.11729	-0.00307518	-0.00130881	-0.0215818	0.0180801	0.474787
-5.22916	-2.8245	-1.74859	-0.489423	-1.1234	-0.00168878	-0.0190678	-0.00486752	-0.0125365	0.451449
-5.24647	-2.25827	-1.67179	-0.438189	-1.04085	0.0381067	-0.0330207	-0.0477286	0.0471867	0.358339
-5.30587	-2.85429	-1.77539	-0.624416	-1.1601	0.0870871	-0.0902585	-0.00312093	-0.0381206	0.503261
-5.00153	-2.12696	-0.917945	-1.34843	-0.604251	0.725617	-0.454488	0.00205332	-0.147953	0.17937
-5.17728	-2.64248	-1.55536	-0.337572	-1.02591	0.0241211	0.0775866	-0.0578433	0.0913515	0.441286
-4.91512	-2.51986	-1.04722	-0.137119	-0.629583	0.0657622	0.102105	-0.132468	0.204023	0.159577
-5.33604	-2.84986	-1.68145	-0.736797	-1.13486	0.222826	-0.153541	-0.0132671	-0.0454318	0.510229
-5.26182	-2.89082	-1.8084	-0.494593	-1.15265	-0.0363187	-0.00202632	-0.00541059	-0.00413655	0.500095
-4.67841	-2.29523	-1.11392	0.155322	-0.568094	-0.23737	0.230131	-0.0894618	0.191478	-0.0254809
-4.60145	-2.02431	-0.486234	-0.334378	-0.250378	0.367647	0.00182354	-0.147206	0.190953	0.0401096
-5.16206	-2.62552	-1.50304	-0.311748	-0.971296	0.0247743	0.0738879	-0.0642679	0.101495	0.346915
-5.10515	-2.60435	-1.40743	-0.399597	-0.926391	0.118019	0.0414557	-0.0605228	0.0825544	0.405952
-4.93883	-2.46409	-1.29729	-0.0432504	-0.750395	-0.134045	0.156882	-0.0942018	0.174448	0.135761
-4.38667	-2.04543	-0.197512	-0.131955	-0.0485502	0.315165	0.030728	-0.207568	0.275796	0.00308181
-5.20731	-2.72475	-1.44295	-0.568436	-0.947176	0.207405	-0.0788936	-0.0605575	0.0459481	0.384537
-5.28148	-2.84513	-1.77317	-0.484404	-1.17732	0.0190588	0.014339	-0.0169467	0.0126799	0.546458
-4.88447	-2.18658	-0.951474	-0.511097	-0.626363	0.33937	-0.0164598	-0.0858367	0.100535	0.285227
-5.21214	-2.87419	-1.74329	-0.490544	-1.08358	-0.0325107	-0.0111247	-0.00868329	-0.000454235	0.450789
-5.24523	-2.86074	-1.66196	-0.531517	-1.07076	0.0576904	-0.0376599	-0.0278497	0.016185	0.450317
-4.86072	-2.38159	-1.00367	-0.240549	-0.61367	0.151854	0.0803694	-0.10681	0.159809	0.195635
-5.02361	-2.66338	-1.55291	-0.185761	-0.94745	-0.149948	0.127311	-0.0349576	0.0797656	0.292574
-5.17434	-2.74151	-1.64503	-0.32653	-1.06879	-0.0403161	0.0812993	-0.0344229	0.060591	0.430193
-5.24784	-2.85226	-1.77741	-0.453431	-1.15046	-0.0329112	0.0231786	-0.0110777	0.00985763	0.499977
-5.19793	-2.7425	-1.63643	-0.410917	-1.07804	0.0306145	0.0467846	-0.0325798	0.0451321	0.476185
-5.26618	-2.87254	-1.78772	-0.503978	-1.14695	-0.0169465	-0.0159112	-0.00946619	-0.00274125	0.492268
-5.1819	-2.79291	-1.71399	-0.35166	-1.09795	-0.079043	0.0690379	-0.0187565	0.0360417	0.435868
-1.29219	1.30329	0.0493985	-0.702726	1.17556	-0.686031	-0.0708703	0.211882	-0.2359	-0.0204185
-2.27679	2.38297	-1.66147	-0.343401	0.83773	-1.16735	-0.408652	0.325468	-0.477196	-0.144553
-1.65832	2.43817	0.651781	-1.71814	0.572579	-0.176675	-0.130451	0.268611	-0.309901	-0.216163
-3.37784	4.16006	-0.263247	-1.20224	0.0446187	0.194075	-0.441907	0.173164	-0.313767	-0.239537
-0.463662	1.8728	1.55613	-2.22447	0.151118	-0.100111	0.091302	0.229738	-0.1771	-0.157368
-2.61741	1.23854	1.12822	-1.79704	0.711648	0.52413	-0.260802	0.103404	-0.161054	-0.234738
-1.58082	0.496397	1.69719	-0.77337	1.30293	0.0340676	0.0321267	-0.0573786	0.116907	-0.0224077
-3.65939	2.76277	-1.10628	-0.407972	0.313457	-0.402936	-0.473966	0.0958687	-0.219975	-0.16162
-2.89024	3.30979	-0.99791	-0.18766	0.527282	-0.581168	-0.233739	0.141215	-0.211873	-0.0400258
-0.10075	1.57728	-0.668945	-0.278967	1.00602	-0.507176	0.114743	0.204811	-0.21237	0.16209
-1.68263	2.44172	0.103848	-0.513662	0.646018	-0.0881277	0.267307	0.1732	-0.145004	0.0891511
0.695616	1.04714	1.08152	-1.02649	0.417754	0.109537	0.726666	0.231738	-0.108651	0.138557
-0.82251	2.49197	0.952288	-1.50528	0.23547	-0.0337819	0.320412	0.244575	-0.183717	-0.0166845
-3.74775	-0.285671	0.599577	-2.05572	0.411685	0.88791	-0.529498	0.0598296	-0.195019	-0.375612
1.91326	1.22556	1.75613	-1.82593	-0.3611	-0.523584	0.545227	0.186729	-0.00458836	0.000318707
-2.41978	3.43605	0.552174	-1.66559	0.157042	0.162418	-0.216565	0.200117	-0.261923	-0.208363
-3.7127	-0.242827	0.411953	-2.11844	0.198201	0.810054	-0.509649	0.103045	-0.247518	-0.241352
-1.61264	0.968384	1.67032	-2.38941	0.435501	0.341074	-0.150764	0.154138	-0.162419	-0.219898
2.65364	0.799024	2.12216	-1.73956	-0.626765	-0.670966	0.505185	0.102524	0.0986731	0.0540951
-1.24813	1.46112	1.66948	-2.39775	0.334465	0.201381	-0.0830051	0.188931	-0.179683	-0.201994
-2.434	2.52468	1.02396	-1.59061	0.502218	0.45601	-0.0497653	0.144656	-0.161413	-0.129639
-2.11496	2.3315	1.27254	-2.13707	0.477915	0.40021	-0.125205	0.206682	-0.235843	-0.218329
-4.42565	-0.951612	-0.329127	-1.92301	-0.209699	0.818333	-0.590662	0.0957938	-0.284644	-0.0979618
-1.69238	2.55157	1.1731	-2.02715	0.23293	0.155998	-0.0920672	0.202555	-0.214072	-0.181306
-0.155606	1.04818	2.29961	-2.09833	0.403163	-0.0449897	0.189075	0.126398	-0.0271257	0.0146126
-2.4911	1.23321	1.39727	-2.36276	0.620488	0.655006	-0.30412	0.158332	-0.227545	-0.305167
0.587477	0.764676	2.2592	-1.2617	0.257609	-0.122725	0.487046	0.0984984	0.030146	0.275501
-4.0722	0.0377834	0.0411712	-2.15782	0.0122667	0.865509	-0.633065	0.13574	-0.334349	-0.214785
1.2394	1.56997	1.70154	-1.78915	-0.297393	-0.527163	0.355824	0.156251	-0.0102743	-0.00174709
-5.12329	-2.17946	-1.19111	-1.46351	-0.736035	0.671729	-0.538245	0.0517935	-0.240553	0.181432
-2.19558	2.10333	1.28528	-2.1813	0.504999	0.406925	-0.226216	0.181623	-0.229065	-0.259781
-3.64683	4.56027	-0.343457	-0.789668	-0.117082	0.215513	-0.361156	0.054292	-0.140707	-0.154526
-2.28291	2.02531	-0.0357732	0.194958	0.390163	-0.01998	0.393244	0.00272963	0.0946941	0.184492
-3.05743	3.86527	0.172833	-1.2068	0.111271	0.191703	-0.310155	0.111351	-0.186733	-0.189556
-4.92109	-1.64531	-0.892124	-1.65437	-0.55164	0.775487	-0.589359	0.0657011	-0.265218	0.0949639
-3.9248	-0.225169	0.4028	-2.0376	0.240492	0.957319	-0.547329	0.0700727	-0.223953	-0.247004
-2.05509	1.69296	1.4398	-1.95485	0.624459	0.515345	-0.0301021	0.16639	-0.17516	-0.144227
0.993561	0.91007	1.08377	-0.796897	0.222029	0.0495859	0.744661	0.1795	-0.0481054	0.205306
-3.56161	3.24769	0.200528	-1.67028	0.150891	0.591826	-0.49559	0.141664	-0.28527	-0.279649
0.51022	0.937711	1.99204	-1.46489	0.265123	-0.0638337	0.547516	0.153592	-0.0137262	0.184054
-1.74872	1.27212	0.686875	-0.255316	0.67145	0.142566	0.398582	0.0375749	0.0496792	0.17272
-4.28337	0.757504	-0.219333	-1.86029	-0.0976208	0.833107	-0.652027	0.110596	-0.31467	-0.164518
-4.48625	2.74427	-0.630867	-0.991508	-0.313677	0.614241	-0.550982	-0.00299016	-0.142155	-0.0953946
-4.32482	3.62392	-0.506351	-0.924982	-0.225327	0.574082	-0.51568	0.000147199	-0.127697	-0.151354
-3.57466	2.99315	0.309152	-1.29179	0.220414	0.65459	-0.322931	0.0572482	-0.138621	-0.175005
-1.75594	0.668478	1.76951	-1.14932	0.913169	0.485491	0.1978	0.0247603	0.0364652	0.0335221
-2.26384	0.1723	1.50709	-0.415879	1.00039	0.462177	0.190789	-0.103882	0.178911	0.0405085
-4.46899	-1.34486	-0.115114	-1.20226	-0.0466672	0.850486	-0.353743	-0.0617825	-0.0245931	-0.0273904
-4.13285	0.168869	0.240543	-1.38379	0.18059	0.924081	-0.380156	-0.026346	-0.0627117	-0.136161
-3.28776	-0.0184595	1.00075	-1.08747	0.644915	0.779746	-0.08454	-0.0626363	0.0685809	-0.118774
-3.39638	-0.511837	0.718249	-0.598143	0.473406	0.57904	0.0712125	-0.110651	0.163913	0.0200612
-4.1117	-1.35507	0.227978	-0.540103	0.21555	0.609262	-0.0581139	-0.15892	0.190456	-0.0740669
-2.5995	1.60181	1.04571	-0.601959	0.742444	0.258445	-0.103904	-0.099771	0.117784	-0.132251
-0.901753	1.24432	1.93952	-1.73768	0.523945	0.181594	0.108075	0.0833106	-0.0231775	-0.0397104
-1.14667	1.19622	1.81249	-1.88226	0.628224	0.314736	0.203906	0.153717	-0.0913934	-0.041945
-4.25002	-0.879147	0.123511	-1.54548	0.115473	0.897184	-0.500311	-0.025809	-0.106521	-0.141589
-3.39033	0.647295	0.946007	-2.1112	0.520368	0.950802	-0.444178	0.0831915	-0.199016	-0.295483
-3.70484	-0.514218	0.750385	-1.39609	0.461958	0.924363	-0.288305	-0.0559305	-0.000177315	-0.148475
0.63113	0.456635	2.42172	-1.34751	0.604591	-0.500657	0.213194	-0.0269924	0.173642	0.252425
0.232766	1.34107	1.96641	-2.08364	0.21841	-0.345562	0.213248	0.158575	-0.040786	-0.0221513
-3.64099	0.314158	0.449042	-1.91616	0.26932	0.722059	-0.494386	0.0761637	-0.2066	-0.295451
1.39882	0.231768	0.46098	-0.226313	1.01616	-0.585586	-0.133467	-0.0577927	0.0899691	0.369382
-0.226219	0.494113	-1.21831	0.0206622	1.50614	-1.41447	-0.355416	0.183444	-0.250199	0.0526258
-2.0886	1.56076	-0.350603	-0.274073	1.16549	-0.735244	-0.237436	0.109167	-0.156243	-0.0772491
-1.88926	0.751938	-1.51215	0.110709	1.17336	-1.57691	-0.225254	0.240289	-0.293025	-0.28107
-0.720588	0.955837	-0.883637	0.0939479	1.11202	-0.967772	-0.0210253	0.1572	-0.164841	0.075272
-2.6277	-0.712288	0.507568	0.3547	1.22836	-0.504311	-0.00909705	-0.148516	0.216424	-0.41898
-3.49041	-1.17605	0.487251	0.193425	0.823213	-0.0182105	0.0564052	-0.226236	0.326806	-0.46898
-1.33355	0.155007	0.308455	0.157469	1.47091	-0.738638	-0.140831	-0.025239	0.0290446	0.000717041
-3.54072	-1.374	0.765033	0.13687	0.716298	0.312287	0.092909	-0.264104	0.370318	-0.325059
-1.44306	-0.341905	2.10046	0.0911615	1.33785	0.160316	0.0323643	-0.257596	0.322719	0.118224
-3.17102	-1.10038	1.23582	-0.0562614	1.0548	0.365147	-0.0434782	-0.290898	0.368316	-0.415142
-2.39351	-0.54732	1.91235	-0.156878	1.30602	0.464382	0.0291319	-0.272293	0.35291	-0.14812
1.88859	-0.104197	0.991302	0.162576	0.802617	-0.349749	-0.223535	-0.193386	0.194338	0.588129
-2.83698	-0.716115	1.65934	-0.464438	1.17376	0.610979	-0.0402467	-0.237875	0.300488	-0.279485
-1.1513	-0.138888	2.45704	-0.395641	1.20805	0.232216	0.124665	-0.199103	0.286989	0.148277
-3.0737	-0.602179	1.42815	-1.09041	1.02323	0.680741	-0.232429	-0.147299	0.147904	-0.424962
0.950468	-0.0731601	2.49975	-0.290288	0.505043	-0.24114	0.137342	-0.172592	0.252057	0.497976
-1.80701	0.296036	2.05233	-1.72806	0.947454	0.485818	-0.0598185	-0.00548898	0.0408309	-0.162782
-1.10359	0.589515	1.26215	-0.59903	1.01977	-0.189416	-0.144604	-0.0899634	0.11666	0.00757116
-1.42523	-0.256185	0.90479	0.267696	1.40697	-0.334189	-0.225587	-0.206357	0.221067	0.0158653
-1.62198	-0.510139	-1.26358	0.213175	0.707177	-0.715894	0.132637	0.125542	-0.0935102	-0.218686
-2.79993	-1.04905	0.35068	0.542533	0.535925	-0.246554	0.261998	-0.118169	0.219161	-0.297172
-2.58186	-1.19465	-1.35033	0.279331	0.74564	-1.24316	0.0175266	0.136259	-0.111504	-0.410991
-2.95243	-1.01939	0.259297	0.474987	0.800348	-0.374862	0.20126	-0.113329	0.218024	-0.393196
-1.52066	-0.742526	1.72569	0.342286	0.889443	-0.0104772	0.152258	-0.229642	0.31231	-0.0100042
-2.6875	-0.935504	1.00952	0.514126	0.957833	-0.0759245	0.212884	-0.202605	0.314081	-0.294462
-3.1837	-1.26207	-0.121982	0.569616	0.609582	-0.598016	0.253922	-0.0642149	0.171936	-0.460257
0.136047	-0.152156	2.35553	-0.22022	0.649824	-0.225838	0.167096	-0.17353	0.261278	0.296471
-2.12555	-0.72054	1.87783	0.204105	1.22803	0.224445	0.061123	-0.292684	0.377793	-0.120302
-0.768646	-0.403072	1.79174	0.330073	1.23559	-0.13612	-0.0439564	-0.245237	0.285371	0.234945
-3.10204	-1.13252	0.918578	0.356622	0.830386	0.127505	0.185441	-0.232257	0.348584	-0.33182
-1.60192	-0.502778	2.21434	0.0962173	1.2171	0.246194	0.0712007	-0.276406	0.347586	0.0554392
0.109345	-0.305996	2.04025	0.139347	0.948714	-0.176449	0.00572356	-0.228228	0.276456	0.390499
-2.97177	-0.985168	1.3114	-0.098309	1.02183	0.328713	-0.0171946	-0.255763	0.328261	-0.365655
4.16653	-0.120247	0.430794	-0.17121	0.122262	-0.562066	-0.325961	-0.251356	0.295503	0.543596
-2.36384	-0.845016	1.69465	0.316157	1.12829	0.236361	0.0843461	-0.294437	0.381981	-0.149047
-0.496245	-0.488401	2.16394	0.176418	0.857936	-0.00616839	0.0457705	-0.261072	0.318123	0.243289
-3.95702	-1.62247	0.363199	-0.514201	0.440003	0.476908	-0.191595	-0.180292	0.181638	-0.33993
-1.76962	-0.697073	1.83582	0.332202	1.24213	0.120265	-0.0223559	-0.307945	0.369098	-0.0047307
-3.60278	-1.53645	0.753377	0.147585	0.767617	0.255198	0.0137463	-0.295683	0.39207	-0.449403
0.867582	-0.0876219	2.30421	-0.469956	0.680106	-0.32681	0.0150349	-0.207421	0.298271	0.399544
-3.40118	-1.38971	0.862978	0.323612	0.810064	0.175396	0.0979904	-0.29717	0.415239	-0.406138
-1.579	-0.22065	2.31933	-0.719663	1.20188	0.294795	0.0231839	-0.196693	0.276917	-0.0691295
-3.01576	-0.623055	1.2121	-1.1775	0.772955	0.510478	-0.223245	-0.109818	0.108746	-0.371382
0.729207	-0.213457	2.36057	0.213051	0.462036	-0.0600892	0.1279	-0.146233	0.154148	0.502132
-0.550457	-0.289859	2.12331	0.236041	0.903031	0.222311	0.10632	-0.183908	0.203342	0.310756
-1.89568	-0.643416	1.89324	0.504616	1.14293	0.25662	0.128868	-0.267627	0.333502	0.028276
-1.96053	-0.232364	1.57826	-0.474729	0.836078	0.261703	0.249995	-0.0994899	0.211358	-0.11702
1.38177	-0.216753	1.18907	0.0664626	0.115053	-0.200509	0.262039	-0.0692813	0.142697	0.196715
-0.0973976	-0.352987	2.1364	0.389484	0.669619	-0.0233464	0.145089	-0.170074	0.189949	0.377105
-2.81222	-1.00395	1.40086	0.376067	1.01357	0.313593	0.0771626	-0.310746	0.40254	-0.193755
0.349805	-0.278295	1.80565	0.338715	0.574854	0.105383	0.222573	-0.139504	0.174218	0.363121
-2.09578	-0.778222	1.00884	0.601145	0.738836	0.119587	0.217982	-0.205071	0.294766	-0.0133184
0.171173	-0.145464	2.159	-0.0113371	0.552843	0.0905793	0.303521	-0.110201	0.172987	0.350912
-3.17382	-0.836796	1.06199	0.229404	0.81343	0.363262	0.153976	-0.26778	0.381443	-0.184156
-1.19242	0.0226225	2.0136	-0.153627	0.950298	0.285134	0.298538	-0.11982	0.205216	0.192451
-1.70578	-0.430109	2.04143	-0.0173885	1.06521	0.25283	0.0806885	-0.249489	0.322294	0.0126794
-3.12792	-0.925093	1.21712	-0.0168251	0.875339	0.500517	0.0826653	-0.259334	0.349119	-0.151815
-2.56586	1.36798	0.841102	0.128343	0.556939	0.286442	0.308729	-0.126214	0.232703	0.122183
-3.4438	-1.08174	0.782157	0.208659	0.609905	0.347828	0.171631	-0.252727	0.369067	-0.134082
-0.662905	-0.189014	1.76562	0.0715149	1.03206	-0.0461189	-0.0650989	-0.225993	0.261832	0.205302
-3.36991	1.20365	0.279247	0.166865	0.372756	0.278294	0.230259	-0.161211	0.271887	0.0566174
-3.10599	-1.24668	0.576228	0.20635	0.748233	0.0494166	-0.070821	-0.261283	0.322002	-0.188521
-4.22878	-1.38145	-0.0891065	-0.196061	-0.00169264	0.403065	0.109711	-0.171875	0.254396	0.0640428
-1.30581	-0.420453	2.00028	0.185095	1.20984	0.177718	-0.0153061	-0.261533	0.301705	0.162744
-4.06972	-1.62793	0.221259	-0.429591	0.189962	0.525501	-0.0566462	-0.188536	0.222821	0.00299349
0.143465	-0.217941	0.530838	0.200872	0.985337	-0.401056	0.0455297	-0.0513117	0.0948793	0.187842
1.50504	-0.192368	1.35754	0.179457	0.0524339	-0.257651	0.257391	-0.0946193	0.166298	0.260469
2.62189	0.0198943	1.28957	-0.376213	-0.225868	-0.639195	0.187305	-0.0707135	0.190591	0.309831
3.96333	0.00495473	0.764538	-0.305226	-0.571331	-0.548861	0.18397	-0.0628792	0.169042	0.300484
5.69505	0.0192943	0.290151	-0.547925	-0.984651	-0.294241	0.242122	-0.140641	0.294126	-0.122814
1.10749	0.239478	1.76649	-0.83301	0.4434	-0.369311	0.293552	-0.00750917	0.139904	0.205586
4.8781	0.11142	1.32701	-0.771391	-1.0785	-0.701029	0.0862709	-0.173018	0.325523	0.119772
3.70636	0.0439484	-1.89688	-0.0367742	0.719973	0.0836362	0.221437	0.144465	-0.132707	0.0910346
5.94657	-0.0598842	-2.37292	-0.202609	0.601309	0.470861	0.284198	0.0676723	-0.0164106	-0.0712206
6.46178	-0.177169	-2.14653	-0.0896227	0.447093	0.367575	-0.178123	-0.163972	0.202146	0.0620263
5.86526	-0.131191	-1.03565	-0.159441	0.0981619	-0.229505	-0.448258	-0.266009	0.306437	0.313756
4.73574	-0.0280295	-1.94543	-0.0146865	0.476541	0.602212	0.580012	0.172945	-0.134779	-0.0445517
6.24228	-0.140702	-2.39237	-0.00910797	0.602985	0.6084	0.182361	-0.0129742	0.0471537	0.0390001
4.48792	-0.0906275	1.16157	-0.145602	-0.696799	-0.419094	-0.00753591	-0.181398	0.23572	0.374312
0.944612	0.533675	-1.17504	-0.577387	1.23947	-0.89348	-0.141168	0.27206	-0.307423	0.00939933
4.8487	-0.0979234	-2.60198	-0.0572006	1.39258	-0.371696	-0.556086	-0.0155398	-0.0486655	0.335193
4.84361	-0.0141581	-1.58626	-0.082837	0.714096	-0.405395	-0.525299	-0.147615	0.132143	0.310507
0.559525	1.01675	-1.12995	-0.665694	1.30216	-0.949638	0.0680789	0.41243	-0.456249	0.0484375
-0.0759551	1.41348	-0.935558	-0.835139	0.873636	-0.706485	0.208631	0.445039	-0.476364	-0.136842
0.786113	-0.522645	-1.7109	0.0287689	0.362901	-0.253522	0.27706	0.202734	-0.205165	0.00577424
0.486269	-0.103104	-1.76474	-0.247397	0.807496	-0.551491	-0.013155	0.26251	-0.316574	0.0173617
0.837777	0.652988	0.802107	-0.79631	0.884058	-0.503005	0.139166	0.117611	-0.0527264	0.24385
0.232638	1.77143	-0.958023	-0.815234	0.960209	-0.584794	0.276191	0.452182	-0.483154	-0.00171777
5.71611	-0.12031	-2.78262	-0.0694366	1.08631	0.284461	-0.0192706	0.0554882	-0.0651915	0.150553
4.16121	0.19808	1.30002	-0.843092	-0.677844	-0.531194	0.267814	-0.117581	0.29342	0.162014
3.15515	0.281882	-1.23661	-0.206281	0.136996	0.0571939	0.706241	0.248503	-0.176068	-0.0609462
-0.706539	1.74687	-1.20687	-0.450685	1.15344	-0.875953	-0.040316	0.360145	-0.433864	0.0126494
2.20653	-0.310711	-2.48322	-0.112981	1.04333	-0.374084	0.0665969	0.238736	-0.271268	0.0377964
-1.26625	2.91929	-0.8578	-0.668274	0.384246	-0.115628	0.373715	0.366348	-0.380947	-0.058642
2.88054	0.669587	-1.80782	-0.0711485	0.412086	0.382866	1.06751	0.392953	-0.32279	-0.0205929
1.18355	-0.352035	-2.31943	-0.0102523	1.33088	-1.05827	-0.198953	0.242161	-0.300173	-0.0191298
4.46162	-0.038602	0.538466	-0.0898946	-0.273963	-0.339379	-0.0496835	-0.193563	0.252647	0.479807
5.59474	-0.0609122	0.526684	-0.282995	-0.978965	-0.323581	0.0417179	-0.226587	0.330032	0.14308
4.03123	0.0100087	1.78872	-0.45376	-0.786732	-0.623674	0.0979194	-0.174733	0.278219	0.414481
4.14688	0.448976	0.596555	-0.86718	-0.581533	-0.169985	0.883107	0.139622	0.0555783	0.000373699
5.57095	-0.0422066	0.773025	-0.35495	-1.18446	-0.391165	0.100749	-0.20955	0.322933	0.0549302
2.24878	0.284127	2.54707	-1.14944	-0.285467	-0.586272	0.2892	-0.0661402	0.221706	0.327598
4.80434	0.0819043	1.64531	-0.689875	-1.26569	-0.740802	0.185358	-0.165434	0.315338	0.174024
5.61737	0.043549	0.804232	-0.592203	-1.28951	-0.45227	0.262504	-0.170859	0.332864	-0.0867222
2.83238	0.592623	2.25629	-1.61347	-0.693471	-0.731756	0.367637	0.0164314	0.175876	0.120672
4.24476	0.14869	1.9959	-0.789901	-1.16339	-0.777882	0.285803	-0.106169	0.258609	0.246501
4.9979	0.0520652	1.45022	-0.564686	-1.31848	-0.647745	0.220557	-0.152248	0.289182	0.124716
3.23251	0.492028	2.30626	-1.48656	-0.816954	-0.818737	0.399428	-0.00780036	0.213022	0.176257
4.82824	0.290898	1.23724	-1.05035	-1.16853	-0.594217	0.551166	-0.0267386	0.240752	-0.0978667
4.69577	0.286329	1.50583	-1.06794	-1.2271	-0.733503	0.438566	-0.0648954	0.273725	-0.0165523
3.76813	0.274797	2.15953	-1.00684	-1.00165	-0.802223	0.381056	-0.0534469	0.227129	0.260751
1.12765	0.816075	2.47788	-1.88388	-0.0066816	-0.396345	0.324806	0.0866511	0.0656284	0.152672
1.84488	0.947619	2.26833	-1.78909	-0.297129	-0.63877	0.427977	0.103153	0.0818209	0.147265
3.59662	0.331401	1.83567	-1.15752	-0.757075	-0.626586	0.313927	-0.0706315	0.255447	0.0915622
4.35306	0.413361	1.57972	-1.30214	-1.12054	-0.748616	0.435171	-0.0296264	0.247333	-0.0900873
4.37204	0.412203	1.2123	-1.25567	-0.883431	-0.561098	0.481644	-0.0141443	0.22932	-0.0945078
2.90051	0.44052	1.87595	-1.24723	-0.295407	-0.636079	0.334105	-0.0356675	0.223022	0.256592
2.42434	-0.204405	1.4543	0.112856	-0.0095081	-0.471963	0.0819432	-0.140439	0.185074	0.515456
1.82285	-0.190813	1.78294	0.0456361	0.0486248	-0.555936	0.126796	-0.137988	0.198813	0.496775
2.68509	0.301113	2.52958	-1.09907	-0.539543	-0.735855	0.341509	-0.0359888	0.196912	0.331467
3.66624	-0.0436264	2.15439	-0.322272	-0.825501	-0.622889	0.0597725	-0.148466	0.209678	0.42319
5.50566	0.0110141	0.98498	-0.582113	-1.24471	-0.583447	0.0140578	-0.238505	0.378671	0.00102773
5.22969	0.0108572	1.0816	-0.47186	-1.198	-0.523931	0.152749	-0.178632	0.305014	0.0768104
4.66011	0.129962	1.69745	-0.863062	-1.18561	-0.796857	0.168494	-0.169075	0.340488	0.110868
4.94653	-0.0139254	0.798675	-0.177716	-0.981395	-0.170398	0.498625	-0.0254642	0.12065	0.125521
-0.0140975	0.117527	2.52915	-0.822486	0.815616	-0.130115	0.157742	-0.120817	0.2322	0.227818
3.00807	-0.00865912	2.34258	-0.435824	-0.622705	-0.569847	0.228968	-0.114751	0.208327	0.392693
4.96317	0.046904	0.870758	-0.406956	-0.961819	-0.37059	0.344811	-0.100271	0.22704	0.137498
1.86161	0.821892	0.784584	-1.3045	0.489179	-0.675651	0.224635	0.15897	-0.0476486	0.171075
5.457	-0.0643297	0.0443946	-0.0793607	-0.672425	0.0211009	0.314345	-0.107565	0.193166	0.159341
0.794825	0.359347	2.5012	-1.2717	0.288912	-0.321664	0.286633	-0.0204613	0.161876	0.182168
1.4872	-0.165084	-0.622984	-0.0334681	1.37459	-1.1793	-0.473967	-0.0185488	-0.0110142	0.305963
1.8169	-0.0290834	2.63712	-0.386919	-0.0585151	-0.397772	0.220774	-0.112523	0.187393	0.501888
2.4522	0.903895	1.46204	-1.50405	-0.31688	-0.84408	0.379423	0.115398	0.0589309	0.0754847
0.0736913	0.783868	0.0300341	-0.56763	0.980083	-1.07237	-0.011627	0.171071	-0.14587	0.063067
3.22331	-0.244351	0.969688	0.322508	0.197713	-0.108269	-0.186569	-0.206818	0.180315	0.576788
3.61576	0.294526	2.25601	-1.15734	-0.92722	-0.826804	0.36571	-0.0641279	0.254338	0.225925
-0.601698	-0.250153	2.49887	-0.171211	0.918883	0.119597	0.123581	-0.206451	0.27408	0.253267
4.77933	0.249471	0.996594	-0.883215	-0.968852	-0.639263	0.40483	-0.0668988	0.258457	0.037598
2.27349	0.921036	0.908752	-1.13592	-0.0200942	-0.788631	0.310399	0.108046	0.0284429	0.153856
4.31958	0.0720668	1.72277	-0.606625	-1.00813	-0.610622	0.24092	-0.133241	0.263119	0.250305
3.03529	0.701827	1.85967	-1.52473	-0.641779	-0.808951	0.430217	0.0422814	0.163869	0.100297
1.68504	0.00750421	2.10703	-0.284055	0.110511	-0.12909	0.222678	-0.117634	0.18686	0.403873
5.77005	-0.0255638	0.226429	-0.409216	-0.849581	-0.371511	-0.0161016	-0.250564	0.376404	0.111262
5.23676	0.0415188	0.533748	-0.510232	-0.723931	-0.510485	0.0197718	-0.207037	0.335066	0.214204
6.30251	-0.115077	-0.434288	-0.217371	-0.700739	-0.0250841	-0.0872776	-0.277631	0.37286	-0.0178347
5.64469	0.00620974	-0.0654302	-0.358663	-0.721436	0.0433009	0.410762	-0.0990263	0.234256	-0.0683172
3.08076	0.113327	0.231736	-0.216618	0.568853	-0.568653	-0.226275	-0.135719	0.168158	0.468122
5.20923	0.101433	0.776718	-0.618215	-1.00513	-0.409349	0.312025	-0.127309	0.284524	0.0356738
4.42232	0.350622	0.936546	-1.00272	-0.7772	-0.327083	0.640861	0.0335625	0.162331	-0.0379098
2.9813	0.598502	0.984652	-0.976845	-0.227826	-0.124278	0.869638	0.181704	-0.00544815	0.141137
3.97246	-0.0862092	1.27985	-0.0957288	-0.483311	-0.274665	0.0957291	-0.152208	0.200835	0.415529
-0.181158	0.26618	2.27037	-0.880109	0.656825	0.141593	0.290239	-0.0351698	0.124447	0.237017
2.14504	0.438778	1.01673	0.344317	-0.278747	0.00882028	0.402496	-0.00120774	0.0212183	0.387078
2.42764	0.0571243	2.11452	-0.129356	-0.369016	-0.2884	0.375542	-0.0112549	0.0578207	0.470925
3.97399	0.292885	1.19285	-0.664961	-0.738021	-0.291328	0.683003	0.061512	0.0908714	0.172187
0	0	0	0	0	0	0	0	0	0
0.511311	0.304386	0.426914	-0.46118	-0.0466382	-0.212887	0.232192	0.0795718	-0.0163417	-0.00357289
0.686787	-0.0817442	0.935978	0.232337	-0.00903032	-0.0276769	0.188737	-4.60257e-5	-0.00177705	0.208891
1.09668	0.01446	0.744961	-0.133843	-0.238498	-0.210961	0.192116	0.00522293	0.0386432	0.111451
0.841758	-0.144657	0.934756	0.303172	-0.01143	-0.0207438	0.142013	-0.0158433	0.000590631	0.228949
1.68762	-0.339514	1.58658	0.572566	0.044615	-0.0557163	0.261882	-0.0548088	0.0375423	0.430894
-0.336718	-0.396249	2.0592	0.545488	0.706185	0.019334	0.187654	-0.14689	0.156805	0.369347
3.56253	-0.133602	1.7041	0.0568404	-0.630635	-0.355724	0.198902	-0.102037	0.131425	0.479068
5.42454	0.00359684	0.447574	-0.506413	-0.734305	-0.53073	-0.0749073	-0.241296	0.366007	0.199461
3.64177	0.189757	2.0502	-0.866718	-0.802686	-0.810946	0.275591	-0.0972575	0.255884	0.33193
0.701293	0.862401	-0.886856	-0.0947905	1.24533	-0.830071	-0.13963	0.137098	-0.164495	0.246564
1.13788	0.760018	-1.51433	0.0158134	1.19799	-0.907457	-0.0782425	0.19324	-0.224668	0.189072
2.13846	1.11446	-1.38902	-0.246892	0.786338	-0.0203446	0.499827	0.277088	-0.25319	0.0894003
5.39506	0.0479346	-1.88758	-0.0425792	0.576168	0.290542	0.248457	0.0238318	0.0206032	0.171898
5.49529	0.0167261	-1.75009	-0.0324885	0.449229	0.26152	0.24523	0.000421345	0.0506047	0.174917
4.36655	0.401425	-1.43682	-0.239774	0.368224	0.443691	0.868796	0.25552	-0.167149	-0.0241108
3.67382	0.223918	-0.624637	-0.0306136	0.521369	-0.211282	0.102931	-0.0133024	0.0510179	0.412386
6.33044	-0.10928	-2.26954	-0.0362202	0.423505	0.711093	0.362856	0.00259721	0.0565578	-0.0611477
6.58871	-0.168445	-2.12849	-0.0270534	0.363211	0.540704	-0.0295993	-0.162294	0.209519	0.0428931
6.19054	-0.113339	-1.04292	-0.0939829	-0.19497	0.158057	-0.0277777	-0.217758	0.294182	0.13107
6.37826	-0.09395	-1.8672	-0.0878266	0.0447942	0.705442	0.523109	0.00513404	0.0846744	-0.195957
5.3123	0.137221	-0.872755	-0.251884	-0.261512	0.433621	0.916333	0.144228	-0.0111432	-0.0993362
6.59048	-0.152505	-1.35092	-0.104723	-0.214446	0.347012	-0.0211167	-0.232071	0.311681	-0.0408207
6.22672	-0.0559143	-0.723774	-0.228213	-0.658945	0.273848	0.447001	-0.096092	0.223532	-0.195539
6.18763	-0.0725359	-0.180852	-0.296605	-0.919492	-0.0242116	0.162367	-0.206597	0.328893	-0.132756
5.86024	0.0449096	0.0336019	-0.493137	-0.984762	-0.0812448	0.51252	-0.0863347	0.255406	-0.186956
6.13165	-0.214199	-2.50268	0.010743	0.968994	0.168999	-0.496106	-0.17135	0.145643	0.291819
6.60706	-0.21119	-2.00097	-0.00610468	0.38539	0.333276	-0.40514	-0.274006	0.294059	0.157562
6.52844	-0.135103	-1.8004	-0.151384	0.051858	0.489789	0.154174	-0.118687	0.197323	-0.132713
4.97539	-0.107676	-2.66206	-0.0345919	1.37894	-0.338506	-0.531173	-0.0233079	-0.0386164	0.329039
2.45912	-0.233088	-2.59424	-0.0690943	1.58671	-1.13216	-0.633644	0.131456	-0.237793	0.180948
5.81887	-0.0531434	-2.45789	-0.0260854	0.696659	0.619745	0.475344	0.127994	-0.0895862	0.0187587
5.6779	0.0184945	0.757885	-0.560358	-1.2699	-0.443797	0.166625	-0.197973	0.349051	-0.0932135
6.39464	-0.135047	-1.64152	-0.062669	0.0173333	0.469255	0.179415	-0.117652	0.189096	-0.0248224
0.473032	-0.258344	-2.13371	-0.0080534	1.36209	-1.38523	-0.304302	0.241257	-0.31197	-0.0541793
5.76303	0.0735013	0.567486	-0.69767	-1.22408	-0.424893	0.277969	-0.166268	0.347183	-0.196551
3.71315	0.0509734	-2.53058	-0.070668	1.37766	-0.513325	-0.0984602	0.203419	-0.254874	0.17469
6.00185	-0.107586	-0.682487	-0.163961	-0.318212	-0.102212	-0.16777	-0.25568	0.332049	0.169943
2.9945	-0.0334277	-1.74235	0.0638047	1.33897	-0.897862	-0.546446	0.00145806	-0.064548	0.347389
5.74173	-0.188051	-1.98736	0.00902123	0.867493	-0.200556	-0.692646	-0.245618	0.218612	0.439198
6.37176	-0.110372	-1.19317	-0.245891	-0.145202	0.0288866	-0.171391	-0.260708	0.350961	0.0603132
0.904351	-0.249392	-1.67895	0.134549	1.54419	-1.48321	-0.572737	0.10049	-0.180881	0.114556
1.53868	-0.313629	-2.1678	0.0454092	1.64895	-1.49165	-0.759144	0.0878602	-0.196298	0.174159
4.40483	-0.0919312	-2.00767	-0.018236	1.3159	-0.671729	-0.749851	-0.114895	0.0504755	0.459065
5.32912	-0.216398	-2.05523	0.122769	0.835806	0.144942	-0.210034	-0.084968	0.0761476	0.328381
3.96754	-0.339455	-0.865186	0.384751	0.596597	-0.0474924	-0.234373	-0.147615	0.126026	0.441334
5.63403	-0.11779	-2.42578	0.00893998	0.882097	0.375829	0.0438325	0.0234466	-0.0225233	0.192284
4.65958	0.258948	-0.169562	-0.749291	-0.3091	-0.192755	0.528959	0.0724546	0.0776713	-0.0922034
5.427	-0.21212	-1.66324	0.0789103	0.778433	0.0106377	-0.434763	-0.187373	0.169137	0.432803
6.33012	-0.124564	-1.13233	-0.275657	-0.0990691	-0.0488715	-0.311131	-0.286574	0.363598	0.105726
3.93153	-0.222958	-0.573543	0.0705036	0.797259	-0.447211	-0.537663	-0.24501	0.239002	0.528437
4.06977	-0.192451	-0.669324	-0.0567104	0.936868	-0.548395	-0.666355	-0.240529	0.220086	0.530097
2.23346	-0.181857	-0.775364	0.0413422	1.58782	-0.806743	-0.64036	-0.101481	0.0415202	0.461658
5.11301	-0.12235	-0.909111	-0.165012	0.523492	-0.527122	-0.595037	-0.254907	0.265281	0.515775
5.76619	-0.0447471	-2.34903	-0.0238687	0.54527	0.748164	0.669165	0.18864	-0.141048	-0.0895578
4.78967	-0.0936037	-1.50646	0.206217	0.266465	0.670087	0.64142	0.154674	-0.128561	0.0335937
4.44908	-0.0959433	-0.650355	0.357611	0.00884018	0.564274	0.774618	0.18518	-0.170318	0.139588
6.27551	-0.118088	-1.78794	-0.0217413	0.0478672	0.699083	0.51716	0.017691	0.0582957	-0.134364
3.13113	-0.155009	0.76541	0.494878	-0.1511	0.18667	0.543753	0.0867738	-0.0985704	0.409184
6.20851	-0.091288	-1.50052	-0.0827601	-0.105911	0.568252	0.509243	-0.00681841	0.0979391	-0.116905
3.79678	-0.238854	-0.288236	0.457167	0.0206253	0.341696	0.371506	0.0255119	-0.028628	0.209017
5.88795	-0.172009	-1.99041	0.154357	0.527753	0.633936	0.227593	-0.00226439	0.0141469	0.153545
0.125147	-0.187721	0.428291	0.347649	0.211503	0.0645598	0.167965	-0.00358248	0.0028829	0.105661
6.44009	-0.194905	-1.99494	0.000963164	0.449638	0.33237	-0.298415	-0.222751	0.243548	0.197852
5.96157	-0.154257	-1.02509	0.0743948	-0.173933	0.375871	0.228405	-0.105538	0.160303	0.123946
-0.0804804	-0.0576455	0.430039	0.0818381	0.119631	-0.0435236	0.122208	-0.00302339	0.0226548	0.0659094
6.27598	-0.210763	-2.63098	0.0241123	0.960806	0.401791	-0.27937	-0.118276	0.105763	0.234935
6.14761	-0.225907	-1.47006	0.0561551	0.332843	0.116861	-0.513968	-0.30167	0.302505	0.310451
5.8854	-0.133555	-0.841424	-0.0885096	-0.0929208	-0.0308278	-0.175793	-0.225216	0.277664	0.276283
5.96174	-0.181876	-1.10606	0.12168	0.0004947	0.347675	-0.0303303	-0.178248	0.204738	0.203224
3.00934	0.150714	0.693024	-0.0181867	-0.00808576	0.231733	0.675284	0.102966	-0.046666	0.30833
6.62507	-0.200459	-2.18983	-0.0573438	0.495863	0.366055	-0.332579	-0.239231	0.267656	0.127184
6.34972	-0.105112	-1.91273	-0.064097	0.104123	0.710152	0.485103	0.00498902	0.0751495	-0.166211
4.87959	0.173512	-0.921197	-0.179204	-0.0260943	0.474843	0.90598	0.176679	-0.0660818	-0.00893812
6.48699	-0.199133	-1.6661	-0.041294	0.240429	0.197962	-0.434064	-0.301011	0.328583	0.181251
5.85153	-0.00733567	-0.605258	-0.269829	-0.522677	0.245136	0.523681	-0.0393441	0.164762	-0.0969733
4.36445	-0.220779	-0.571901	0.123348	0.721658	-0.473623	-0.677489	-0.273229	0.236675	0.641249
4.39948	-0.309877	-0.999188	0.244694	0.923787	-0.276206	-0.736153	-0.266455	0.198227	0.556095
1.63361	0.692997	-0.826734	0.221723	0.0527998	0.32393	0.818409	0.197271	-0.121135	0.0334194
3.65817	0.645544	-1.32013	0.0171386	0.157312	0.569184	1.13344	0.299536	-0.196423	-0.00281634
2.22677	0.104972	-0.450716	0.139573	-0.0064555	0.29408	0.556629	0.134097	-0.0971678	0.0339363
1.85823	1.3107	-0.818096	-0.0249222	0.165189	0.377561	0.998983	0.251102	-0.141142	0.106859
1.14759	-0.0324512	0.37703	0.289728	-0.0466387	0.0910151	0.279538	0.04726	-0.0488704	0.14527
5.82129	-0.0505305	-2.01192	0.0706532	0.310572	0.809867	0.719681	0.147908	-0.0898276	-0.0789785
4.84115	0.246444	-1.8064	0.0641656	0.33204	0.703548	0.945722	0.242611	-0.166836	-0.0128318
5.60786	-0.0964062	-1.03935	0.0942909	-0.173365	0.551691	0.561394	0.043412	0.0138564	-0.0408823
5.14745	0.102844	-1.44974	0.071965	0.128284	0.62894	0.835179	0.176942	-0.105908	0.00806781
6.27636	-0.132818	-2.12455	0.0596832	0.336874	0.762379	0.391633	0.0101129	0.0371973	-0.046817
5.60836	0.0399115	-0.618948	-0.303792	-0.53447	0.303575	0.79752	0.075528	0.0640283	-0.203874
5.01891	-0.0868346	0.284212	0.0387316	-0.733549	0.0620286	0.435448	-0.0336016	0.0986168	0.0997552
5.91805	-0.0545288	-1.05814	-0.0270547	-0.33082	0.510041	0.642273	0.0249062	0.0701892	-0.0949276
4.92258	-0.216762	-0.462285	0.366229	-0.078141	0.255398	0.0687552	-0.101218	0.0924347	0.295576
5.9281	-0.0716049	-1.41929	-0.00310527	-0.0370147	0.570149	0.534567	0.0279013	0.0451757	-0.0505041
5.68798	-0.0641941	-1.43516	0.0805763	0.146229	0.397575	0.276917	-0.0349179	0.0812175	0.129066
1.12033	0.788826	0.0523281	0.0516599	0.282524	0.0153001	0.683726	0.143363	-0.0541481	0.233509
2.97793	0.699563	-0.8398	-0.136789	0.270783	0.22518	0.709914	0.165691	-0.0736677	0.0886003
5.05656	0.107131	0.282987	-0.387043	-0.807506	-0.013511	0.786048	0.0573582	0.0951886	-0.0304216
4.2927	0.21862	0.209571	-0.250217	-0.445867	0.11671	0.858796	0.129076	-0.00434884	0.130815
